1700576296422 1.2990697622299194 99
1700576304047 1.1356377601623535 199
1700576311539 1.0237183570861816 299
1700576319337 1.0904399156570435 399
1700576326972 1.0123580694198608 499
1700576334835 0.9510392546653748 599
1700576342449 1.0312544107437134 699
1700576350340 0.9567126631736755 799
1700576358033 0.9460974931716919 899
1700576366084 0.9292804002761841 999
1700576373745 0.9764198660850525 1099
1700576381728 1.0104097127914429 1199
1700576389400 0.9788259267807007 1299
1700576398116 0.8484639525413513 1399
1700576405794 0.9715086221694946 1499
1700576413781 0.8279352784156799 1599
1700576421493 0.8867642879486084 1699
1700576429571 0.9393305778503418 1799
1700576437350 0.962340772151947 1899
1700576445419 0.9119743704795837 1999
1700576453123 0.8651189208030701 2099
1700576461132 0.9981595873832703 2199
1700576468898 0.9202711582183838 2299
1700576476899 0.9751070141792297 2399
1700576484760 0.8920243978500366 2499
1700576492833 0.9223544001579285 2599
1700576500566 0.9288526177406311 2699
1700576508601 0.8688724637031555 2799
1700576516325 0.8851621150970459 2899
1700576524531 0.8159124255180359 2999
1700576532284 0.8146519660949707 3099
1700576540438 0.9187547564506531 3199
1700576548273 0.9092833995819092 3299
1700576556419 0.7863627076148987 3399
1700576564137 0.8506881594657898 3499
1700576572211 0.9275312423706055 3599
1700576580120 0.9454063177108765 3699
1700576588280 0.8283746242523193 3799
1700576596119 0.7775170803070068 3899
1700576604310 0.6864298582077026 3999
1700576612216 0.8613775968551636 4099
1700576620429 0.7328593730926514 4199
1700576628219 0.7170870304107666 4299
1700576636307 0.8289040923118591 4399
1700576644183 0.8796554207801819 4499
1700576652350 0.8027571439743042 4599
1700576660347 0.7778224945068359 4699
1700576668550 0.9156309366226196 4799
1700576676437 0.8236956000328064 4899
1700576684788 0.8884260058403015 4999
1700576692626 0.8216119408607483 5099
1700576700812 0.8234872817993164 5199
1700576708882 0.931087076663971 5299
1700576717086 0.8494213223457336 5399
1700576725026 0.9508928060531616 5499
1700576733241 0.8639275431632996 5599
1700576741211 0.8242462277412415 5699
1700576749429 0.8886486887931824 5799
1700576757374 0.8980761766433716 5899
1700576765514 0.7376857399940491 5999
1700576773524 0.716166079044342 6099
1700576781926 0.8287190794944763 6199
1700576789929 0.8000881671905518 6299
1700576798206 0.8876761794090271 6399
1700576806174 0.8209930658340454 6499
1700576814567 0.9198477268218994 6599
1700576822467 0.8189306855201721 6699
1700576830714 0.8278041481971741 6799
1700576838743 0.9055538177490234 6899
1700576847167 0.8317869305610657 6999
1700576855225 0.8927389979362488 7099
1700576863464 0.8688024878501892 7199
1700576871754 0.8495632410049438 7299
1700576879847 0.8466516137123108 7399
1700576887812 0.8600996136665344 7499
1700576896121 0.9267439246177673 7599
1700576904587 0.9236432313919067 7699
1700576912684 0.9710809588432312 7799
1700576920683 0.6890246272087097 7899
1700576929129 0.8738896250724792 7999
1700576937532 0.7773842215538025 8099
1700576945652 0.8427079319953918 8199
1700576953842 0.8625226020812988 8299
1700576962053 0.8247939348220825 8399
1700576970747 0.7688802480697632 8499
1700576978750 0.9129128456115723 8599
1700576987133 0.9208553433418274 8699
1700576995546 0.8806174397468567 8799
1700577004718 0.8777010440826416 8899
1700577012875 0.8329132795333862 8999
1700577021100 0.7835595011711121 9099
1700577029655 0.8702619671821594 9199
1700577038143 0.9580279588699341 9299
1700577046331 0.9986370801925659 9399
1700577054430 0.9624457359313965 9499
1700577063119 0.8736414313316345 9599
1700577071700 0.9034573435783386 9699
1700577080027 0.9432141184806824 9799
1700577088256 0.9105962514877319 9899
1700577097221 1.0212242603302002 9999
1700577105572 0.9709543585777283 10099
1700577113859 0.9102706909179688 10199
1700577122061 0.8332595825195312 10299
1700577131202 0.9475712180137634 10399
1700577139467 0.9116889238357544 10499
1700577147692 0.8866965770721436 10599
1700577156010 0.8862947225570679 10699
1700577165188 0.857245147228241 10799
1700577173426 0.8747583031654358 10899
1700577181629 0.8983273506164551 10999
1700577189968 0.8403210639953613 11099
1700577199234 0.8593407869338989 11199
1700577207541 0.9440882802009583 11299
1700577215888 0.8795859813690186 11399
1700577224504 0.920130729675293 11499
1700577233335 0.8675159215927124 11599
1700577241750 0.9070553779602051 11699
1700577250091 0.9220921397209167 11799
1700577258821 0.8475023508071899 11899
1700577267794 0.8662460446357727 11999
1700577276179 0.90081787109375 12099
1700577284622 0.9006938338279724 12199
1700577293314 0.8723556399345398 12299
1700577302242 0.9059511423110962 12399
1700577310661 0.9914307594299316 12499
1700577319016 0.8562971353530884 12599
1700577327728 0.9353038668632507 12699
1700577336800 0.9130066633224487 12799
1700577345100 0.9839496612548828 12899
1700577353861 0.8204973936080933 12999
1700577362276 0.8580849170684814 13099
1700577371228 0.8869486451148987 13199
1700577379635 0.881070613861084 13299
1700577388431 0.8479970097541809 13399
1700577396896 0.9478651881217957 13499
1700577405915 0.935819685459137 13599
1700577414379 0.8954846262931824 13699
1700577423230 0.8212512731552124 13799
1700577431764 0.8647055625915527 13899
1700577440728 0.8998611569404602 13999
1700577449472 0.958514928817749 14099
1700577458046 0.8879756927490234 14199
1700577466901 0.9807397127151489 14299
1700577475703 0.9861154556274414 14399
1700577484534 0.8625761270523071 14499
1700577493015 0.9034901857376099 14599
1700577502112 0.9776889681816101 14699
1700577510650 0.9835302829742432 14799
1700577519338 0.9909833073616028 14899
1700577527901 0.8817939758300781 14999
1700577537018 0.8964547514915466 15099
1700577545876 0.9105677008628845 15199
1700577554417 0.855478048324585 15299
1700577562909 0.7891427874565125 15399
1700577572164 0.9753158688545227 15499
1700577581038 1.0094040632247925 15599
1700577589586 0.8277140259742737 15699
1700577598057 0.8154264688491821 15799
1700577607196 0.7491668462753296 15899
1700577616003 0.7561625242233276 15999
1700577624597 0.8041257858276367 16099
1700577633327 0.9421637654304504 16199
1700577643203 0.9020466208457947 16299
1700577651885 0.9286736249923706 16399
1700577660408 0.9099328517913818 16499
1700577668861 0.8131943941116333 16599
1700577678502 0.8622011542320251 16699
1700577687053 0.8688704371452332 16799
1700577695524 0.9754670262336731 16899
1700577704140 0.9020145535469055 16999
1700577713677 0.8953134417533875 17099
1700577722261 0.8808755278587341 17199
1700577730753 0.9146970510482788 17299
1700577739821 0.9890720248222351 17399
1700577748964 0.9808347821235657 17499
1700577757485 0.963467001914978 17599
1700577766102 1.1420849561691284 17699
1700577775292 0.9674001932144165 17799
1700577784286 0.8774553537368774 17899
1700577792753 0.8274762630462646 17999
1700577801632 0.858734667301178 18099
1700577810820 0.8704589605331421 18199
1700577819723 0.8527337908744812 18299
1700577828323 0.8919876217842102 18399
1700577837193 0.8132471442222595 18499
1700577846267 0.8673134446144104 18599
1700577855026 0.8868184685707092 18699
1700577863570 0.8655472993850708 18799
1700577872543 0.7637133598327637 18899
1700577881855 0.8558886647224426 18999
1700577890743 0.834775984287262 19099
1700577899673 0.7661319375038147 19199
1700577908366 0.9378809332847595 19299
1700577917825 0.9332073926925659 19399
1700577926517 0.8227115869522095 19499
1700577935474 0.946868360042572 19599
1700577943976 0.8264356255531311 19699
1700577953343 0.8537749648094177 19799
1700577962209 0.9077622890472412 19899
1700577970806 1.0044301748275757 19999
1700577979470 0.8432161211967468 20099
1700577988893 0.8705223798751831 20199
1700577997859 0.8808947205543518 20299
1700578006423 0.8920133709907532 20399
1700578014950 0.8931791186332703 20499
1700578024369 0.8696441650390625 20599
1700578033283 0.7680689692497253 20699
1700578041948 0.8591825366020203 20799
1700578050592 0.9100225567817688 20899
1700578060338 0.9410039186477661 20999
1700578069011 0.8314023017883301 21099
1700578077518 0.8696479201316833 21199
1700578086166 0.7723667621612549 21299
1700578095982 0.84912109375 21399
1700578104591 0.8819356560707092 21499
1700578113329 0.7157186269760132 21599
1700578122279 0.7714859843254089 21699
1700578131754 0.7708231806755066 21799
1700578140342 0.8066356182098389 21899
1700578149026 0.84202641248703 21999
1700578157966 0.8598179817199707 22099
1700578167327 0.9215666651725769 22199
1700578176014 0.8832464218139648 22299
1700578184944 0.9020350575447083 22399
1700578193782 0.9792519807815552 22499
1700578203357 0.9881547093391418 22599
1700578211918 0.9338288903236389 22699
1700578220983 0.891840398311615 22799
1700578229768 0.9342557191848755 22899
1700578239255 0.8986729383468628 22999
1700578247853 0.8103432655334473 23099
1700578256801 0.8657592535018921 23199
1700578265439 0.9864408373832703 23299
1700578274792 0.8610550761222839 23399
1700578283885 0.8610978722572327 23499
1700578292751 0.8264483213424683 23599
1700578301888 0.9388819932937622 23699
1700578311415 0.8534669280052185 23799
1700578320321 0.8498490452766418 23899
1700578328983 0.839188277721405 23999
1700578337665 0.8315280079841614 24099
1700578347749 0.7470933198928833 24199
1700578356422 0.8668845295906067 24299
1700578365027 0.8816211223602295 24399
1700578373617 0.8223611116409302 24499
1700578383585 0.9019635319709778 24599
1700578392462 0.9741246104240417 24699
1700578401046 0.8988885879516602 24799
1700578409931 0.8554874658584595 24899
1700578419667 0.8729231357574463 24999
1700578428262 0.9449268579483032 25099
1700578436947 0.8113623857498169 25199
1700578445934 0.8498812913894653 25299
1700578455554 0.887702465057373 25399
1700578464327 1.0199190378189087 25499
1700578473026 0.9815904498100281 25599
1700578482102 1.007432222366333 25699
1700578491638 0.9245748519897461 25799
1700578500394 0.8650558590888977 25899
1700578509432 0.8783473372459412 25999
1700578518129 0.8209172487258911 26099
1700578527792 0.8339076638221741 26199
1700578536469 0.8876332640647888 26299
1700578545429 0.9611058235168457 26399
1700578554140 0.9782024621963501 26499
1700578563812 0.8919028043746948 26599
1700578572884 0.8656312823295593 26699
1700578581599 0.8665149211883545 26799
1700578590198 0.8177183866500854 26899
1700578599826 0.7903922200202942 26999
1700578609013 0.871486485004425 27099
1700578617589 0.8687763810157776 27199
1700578626346 0.7938588261604309 27299
1700578636442 1.0732290744781494 27399
1700578645337 1.0007110834121704 27499
1700578654162 0.9499399065971375 27599
1700578662871 0.9054035544395447 27699
1700578672074 0.9525341987609863 27799
1700578680749 1.0801211595535278 27899
1700578689402 0.9840980172157288 27999
1700578698687 0.8629735112190247 28099
1700578708298 0.7906363606452942 28199
1700578717036 0.8751318454742432 28299
1700578725796 0.7491071820259094 28399
1700578734763 0.8650721311569214 28499
1700578743454 0.8815205693244934 28599
1700578752244 0.851755678653717 28699
1700578760961 0.8652459979057312 28799
1700578771067 0.8093199729919434 28899
1700578779812 0.9774345755577087 28999
1700578788541 0.8593235015869141 29099
1700578797720 0.9855493307113647 29199
1700578806412 0.8972151279449463 29299
1700578815137 0.9471283555030823 29399
1700578823984 0.9820832014083862 29499
1700578833498 0.9309331774711609 29599
1700578842944 1.007204294204712 29699
1700578851734 0.9458633661270142 29799
1700578860761 0.923927903175354 29899
1700578869482 0.9182245135307312 29999
1700578878281 0.8934233784675598 30099
1700578886909 0.8574365377426147 30199
1700578896062 0.8929709196090698 30299
1700578905813 0.8853667974472046 30399
1700578914496 0.9762881994247437 30499
1700578923567 0.9498922824859619 30599
1700578932255 0.8495678901672363 30699
1700578941026 0.8931984305381775 30799
1700578949760 0.8458291292190552 30899
1700578958969 0.7603355050086975 30999
1700578968811 0.9479622840881348 31099
1700578978081 0.8573774695396423 31199
1700578987145 0.8614537119865417 31299
1700578996049 1.003637671470642 31399
1700579004789 0.953473687171936 31499
1700579013572 0.8499056100845337 31599
1700579022771 1.0172783136367798 31699
1700579031584 0.9527345895767212 31799
1700579041455 0.9506271481513977 31899
1700579050481 0.87882399559021 31999
1700579059215 0.8284072279930115 32099
1700579068023 0.8560075759887695 32199
1700579076797 0.9163762927055359 32299
1700579085837 0.8015492558479309 32399
1700579094584 0.8623849749565125 32499
1700579104050 0.8257103562355042 32599
1700579113449 0.7988525629043579 32699
1700579122412 0.8460303544998169 32799
1700579131287 0.7996730208396912 32899
1700579139967 0.7879802584648132 32999
1700579149119 0.9015554785728455 33099
1700579157652 0.9576613306999207 33199
1700579166496 0.9602813124656677 33299
1700579176309 1.0066380500793457 33399
1700579185473 0.9993364810943604 33499
1700579194347 0.9225437641143799 33599
1700579203092 0.9129528403282166 33699
1700579212211 0.8789357542991638 33799
1700579221006 0.9403408765792847 33899
1700579229648 0.9855531454086304 33999
1700579238844 0.860933780670166 34099
1700579248917 0.9983687996864319 34199
1700579257557 1.0015909671783447 34299
1700579266458 0.9101048707962036 34399
1700579275544 0.8319768905639648 34499
1700579284331 0.9032703042030334 34599
1700579293014 0.8326930999755859 34699
1700579301847 0.7949215173721313 34799
1700579312218 0.8286494016647339 34899
1700579321106 0.915417492389679 34999
1700579329936 1.1166044473648071 35099
1700579339072 0.9088067412376404 35199
1700579347999 0.9074209928512573 35299
1700579356770 0.9168067574501038 35399
1700579365539 0.9331549406051636 35499
1700579375265 0.8630219101905823 35599
1700579385121 0.9091665148735046 35699
1700579393957 0.7442889213562012 35799
1700579403205 0.908567488193512 35899
1700579412107 0.8973777294158936 35999
1700579420912 0.736997127532959 36099
1700579429845 0.8885452151298523 36199
1700579439130 0.9138923287391663 36299
1700579449231 0.928710401058197 36399
1700579458209 0.8235840201377869 36499
1700579467253 0.759932816028595 36599
1700579476150 0.874788761138916 36699
1700579484921 0.8662574887275696 36799
1700579493750 0.8319931626319885 36899
1700579503088 0.9149927496910095 36999
1700579512509 0.9838476181030273 37099
1700579522324 0.9037637114524841 37199
1700579531798 0.9327740669250488 37299
1700579540717 0.9004234075546265 37399
1700579549597 1.0049769878387451 37499
1700579558677 0.9398114085197449 37599
1700579567886 0.8920599818229675 37699
1700579576819 0.8287559747695923 37799
1700579587229 0.774061918258667 37899
1700579596625 0.8158174753189087 37999
1700579605560 0.9432097673416138 38099
1700579614485 0.7629590630531311 38199
1700579623396 0.8761159181594849 38299
1700579632564 0.8565124273300171 38399
1700579641830 0.8883649110794067 38499
1700579651764 0.8229490518569946 38599
1700579661483 0.9059735536575317 38699
1700579670404 0.7314310073852539 38799
1700579679358 0.8646014332771301 38899
1700579688131 0.8881308436393738 38999
1700579697466 0.8662692904472351 39099
1700579706335 0.7996819615364075 39199
1700579715220 1.0092182159423828 39299
1700579725940 0.9648993015289307 39399
1700579734892 0.9261692762374878 39499
1700579743754 0.9238101243972778 39599
1700579752642 0.9060324430465698 39699
1700579761999 0.9597787261009216 39799
1700579771092 0.9929600358009338 39899
1700579779967 0.861470103263855 39999
1700579790280 0.8202611804008484 40099
1700579799712 0.7878806591033936 40199
1700579808500 0.8428077101707458 40299
1700579817344 0.9637333750724792 40399
1700579826537 0.7457634806632996 40499
1700579835395 0.9632123708724976 40599
1700579844438 1.019682765007019 40699
1700579853883 1.019627332687378 40799
1700579864175 0.7869179844856262 40899
1700579873063 0.7832099795341492 40999
1700579881876 0.7787156105041504 41099
1700579891219 0.8732149004936218 41199
1700579900232 0.8817418217658997 41299
1700579909034 1.06398606300354 41399
1700579918213 0.8954125046730042 41499
1700579927954 0.9540100693702698 41599
1700579937428 0.944436252117157 41699
1700579946316 0.9394592046737671 41799
1700579955684 0.9041803479194641 41899
1700579964509 0.8807414174079895 41999
1700579973312 0.8448131680488586 42099
1700579982681 0.9033056497573853 42199
1700579991626 0.8928254246711731 42299
1700580001942 0.9278566837310791 42399
1700580011371 0.8891047239303589 42499
1700580020364 0.7434127330780029 42599
1700580029355 0.9389223456382751 42699
1700580038196 0.9218090772628784 42799
1700580047459 0.8568351864814758 42899
1700580056421 0.7772169709205627 42999
1700580065891 0.8045707941055298 43099
1700580075969 0.7408063411712646 43199
1700580085126 0.8747379183769226 43299
1700580093970 0.7654387950897217 43399
1700580103114 0.7667738795280457 43499
1700580112451 0.8485864400863647 43599
1700580121277 1.0403389930725098 43699
1700580130329 0.9108638167381287 43799
1700580140867 0.8355197310447693 43899
1700580150334 0.8407532572746277 43999
1700580159371 0.8638700842857361 44099
1700580168391 0.9473022818565369 44199
1700580177736 0.9595760107040405 44299
1700580186505 0.9256957173347473 44399
1700580195511 0.7974225878715515 44499
1700580205134 0.786722719669342 44599
1700580215570 0.8490256071090698 44699
1700580224520 0.857528030872345 44799
1700580233505 0.8725466132164001 44899
1700580242785 0.8751633167266846 44999
1700580251785 0.8062540888786316 45099
1700580260731 0.8132349252700806 45199
1700580270160 0.835783064365387 45299
1700580279960 0.8626818656921387 45399
1700580289765 0.8027369976043701 45499
1700580299017 0.9774265289306641 45599
1700580307949 0.9859144687652588 45699
1700580316962 0.8811033368110657 45799
1700580326220 0.7750829458236694 45899
1700580336078 0.7436296343803406 45999
1700580344915 0.8842868208885193 46099
1700580355294 0.8247117400169373 46199
1700580364913 0.7908768057823181 46299
1700580373959 0.8616306781768799 46399
1700580382879 0.8657239675521851 46499
1700580391952 0.9532923698425293 46599
1700580401454 0.9486322999000549 46699
1700580410455 1.0164430141448975 46799
1700580419904 0.931056559085846 46899
1700580430656 0.852727472782135 46999
1700580439589 0.8682802319526672 47099
1700580448538 0.8995099663734436 47199
1700580457593 1.0104435682296753 47299
1700580467032 0.8588550090789795 47399
1700580476026 0.8088591694831848 47499
1700580485097 0.8321192264556885 47599
1700580495869 0.9026399850845337 47699
1700580505312 0.9115939736366272 47799
1700580514371 0.933326244354248 47899
1700580523873 0.7894351482391357 47999
1700580532878 0.9279619455337524 48099
1700580541827 0.8556398153305054 48199
1700580550974 0.8314662575721741 48299
1700580560619 0.8619325160980225 48399
1700580571110 0.8680551052093506 48499
1700580580112 0.9537485837936401 48599
1700580589431 0.8327616453170776 48699
1700580598248 0.8634815812110901 48799
1700580607074 0.8204821944236755 48899
1700580616215 0.8724187612533569 48999
1700580625594 0.8319823741912842 49099
1700580635663 0.7894093990325928 49199
1700580645538 0.9796276688575745 49299
1700580655033 0.8191063404083252 49399
1700580663988 0.8749204277992249 49499
1700580673057 0.8926721215248108 49599
1700580682043 0.9835852980613708 49699
1700580691353 0.962191641330719 49799
1700580700434 0.8701214790344238 49899
1700580710869 0.8396493196487427 49999
1700580720678 0.7736290693283081 50099
1700580729845 0.8408226370811462 50199
1700580738870 0.9573994874954224 50299
1700580748441 0.8984020352363586 50399
1700580757392 0.9728853106498718 50499
1700580766531 0.8047836422920227 50599
1700580776048 0.7693749666213989 50699
1700580786804 0.8537665009498596 50799
1700580795965 0.8884047269821167 50899
1700580804988 0.835163414478302 50999
1700580814434 0.8268249034881592 51099
1700580823532 0.773186981678009 51199
1700580832587 0.8178714513778687 51299
1700580841560 0.9012413024902344 51399
1700580852162 0.9492796063423157 51499
1700580861863 0.8316324949264526 51599
1700580870918 0.8722373247146606 51699
1700580880444 0.9581317901611328 51799
1700580889417 0.8185994029045105 51899
1700580898489 0.6915377974510193 51999
1700580907552 0.8858977556228638 52099
1700580917092 0.8325399160385132 52199
1700580927584 0.9614469408988953 52299
1700580936857 1.0220879316329956 52399
1700580946284 0.9328981637954712 52499
1700580955502 0.9179747104644775 52599
1700580964409 0.9126437306404114 52699
1700580973773 0.9142301678657532 52799
1700580982796 0.901183009147644 52899
1700580992241 0.9776379466056824 52999
1700581002676 0.9615142941474915 53099
1700581012127 0.8815067410469055 53199
1700581021245 0.9050856828689575 53299
1700581030469 0.9085853099822998 53399
1700581040060 0.8463272452354431 53499
1700581048867 0.9246968030929565 53599
1700581058010 0.8966793417930603 53699
1700581068656 0.9356421828269958 53799
1700581078265 0.8703776001930237 53899
1700581087241 0.9078457355499268 53999
1700581096136 0.8523575663566589 54099
1700581105604 0.9372268319129944 54199
1700581114566 0.9208172559738159 54299
1700581123702 0.8176959156990051 54399
1700581133323 0.8199504017829895 54499
1700581143996 0.9676398038864136 54599
1700581153248 0.9218243956565857 54699
1700581162146 0.9295938014984131 54799
1700581171610 0.9424715638160706 54899
1700581180526 0.8596630096435547 54999
1700581189577 0.8711076974868774 55099
1700581199040 0.9563766121864319 55199
1700581208385 0.976423978805542 55299
1700581219040 0.945072591304779 55399
1700581228542 0.9827311038970947 55499
1700581237567 0.9611386060714722 55599
1700581246613 0.7840025424957275 55699
1700581255586 0.800035297870636 55799
1700581264876 0.8565602898597717 55899
1700581273847 0.7904719710350037 55999
1700581283554 0.965865969657898 56099
1700581294439 0.7978070974349976 56199
1700581303448 0.784770667552948 56299
1700581312422 0.9116867184638977 56399
1700581321542 0.9587193727493286 56499
1700581331001 0.9020444750785828 56599
1700581340142 0.8982996940612793 56699
1700581349140 0.7814875245094299 56799
1700581359402 0.9328353404998779 56899
1700581369751 0.8810086250305176 56999
1700581378944 0.8927427530288696 57099
1700581388371 0.990726113319397 57199
1700581397763 0.9907215237617493 57299
1700581406956 0.8836104273796082 57399
1700581415970 0.9958370923995972 57499
1700581425664 0.9135991930961609 57599
1700581436479 0.9671966433525085 57699
1700581446191 0.9671993851661682 57799
1700581455780 1.0056484937667847 57899
1700581464942 0.898231029510498 57999
1700581473987 0.945403516292572 58099
1700581483152 0.8923835754394531 58199
1700581492664 0.9909273386001587 58299
1700581501920 0.866084635257721 58399
1700581512622 0.9158428311347961 58499
1700581522513 0.8442099094390869 58599
1700581531696 0.9430268406867981 58699
1700581540840 0.8449199199676514 58799
1700581550326 0.8333971500396729 58899
1700581559529 0.7671793103218079 58999
1700581568654 0.8788037300109863 59099
1700581578447 0.8289788961410522 59199
1700581589454 0.8497481942176819 59299
1700581598449 0.8539474606513977 59399
1700581607559 0.9301175475120544 59499
1700581617101 0.8006222248077393 59599
1700581626262 0.812427818775177 59699
1700581635208 0.8760334849357605 59799
1700581644402 0.9345835447311401 59899
1700581654766 0.8179179430007935 59999
1700581665088 0.8464773893356323 60099
1700581674289 0.8964866995811462 60199
1700581683979 0.9171181917190552 60299
1700581693105 0.9977682828903198 60399
1700581702130 0.9283648133277893 60499
1700581711775 0.8709390759468079 60599
1700581720887 0.8338497877120972 60699
1700581732145 0.7691763043403625 60799
1700581742533 0.9199877381324768 60899
1700581751620 0.890110969543457 60999
1700581760706 0.7477840185165405 61099
1700581769897 0.770560622215271 61199
1700581779548 0.8644968867301941 61299
1700581788725 0.905856728553772 61399
1700581798200 0.7832568883895874 61499
1700581809347 0.7824668884277344 61599
1700581818893 0.7728520631790161 61699
1700581828064 0.805077314376831 61799
1700581837400 0.8772546052932739 61899
1700581846739 0.8658331632614136 61999
1700581855898 0.7576209306716919 62099
1700581865294 0.808016836643219 62199
