1700288895444 4.201313495635986 99
1700288901641 3.6523232460021973 199
1700288907870 3.2354230880737305 299
1700288914094 3.5467119216918945 399
1700288920744 3.4169888496398926 499
1700288926895 3.103286027908325 599
1700288933065 3.3625831604003906 699
1700288939233 3.083204507827759 799
1700288945334 3.033569812774658 899
1700288952176 3.0224132537841797 999
1700288958306 3.1432688236236572 1099
1700288964433 3.2964282035827637 1199
1700288970579 3.256476402282715 1299
1700288977668 2.79437255859375 1399
1700288984711 3.080360174179077 1499
1700288990808 2.7596395015716553 1599
1700288997035 2.8720059394836426 1699
1700289003170 3.0700466632843018 1799
1700289009363 3.222829818725586 1899
1700289016198 2.987992525100708 1999
1700289022369 2.9172608852386475 2099
1700289028525 3.283458709716797 2199
1700289034585 2.9475772380828857 2299
1700289040857 3.2919979095458984 2399
1700289047675 2.846681594848633 2499
1700289053913 2.9756674766540527 2599
1700289060182 3.1121106147766113 2699
1700289066399 2.8454079627990723 2799
1700289072669 2.902712106704712 2899
1700289079607 2.613243341445923 2999
1700289085769 2.7274961471557617 3099
1700289091944 2.935946464538574 3199
1700289098096 3.0781073570251465 3299
1700289104245 2.5988705158233643 3399
1700289111351 2.927126407623291 3499
1700289117606 2.9648680686950684 3599
1700289123725 2.972090005874634 3699
1700289129968 2.7826499938964844 3799
1700289136201 2.572051763534546 3899
1700289143173 2.4184274673461914 3999
1700289149362 2.832242250442505 4099
1700289155593 2.3022425174713135 4199
1700289161745 2.440901279449463 4299
1700289167985 2.876776695251465 4399
1700289174957 2.9941296577453613 4499
1700289181118 2.6525473594665527 4599
1700289187222 2.6202385425567627 4699
1700289193424 3.1307029724121094 4799
1700289199585 2.8824877738952637 4899
1700289206348 3.108779191970825 4999
1700289212649 2.7548584938049316 5099
1700289218852 2.8920135498046875 5199
1700289224981 2.891918420791626 5299
1700289231271 2.7148892879486084 5399
1700289237966 3.0612435340881348 5499
1700289244506 2.9423036575317383 5599
1700289250798 2.663038492202759 5699
1700289256953 2.9171066284179688 5799
1700289263165 2.933598279953003 5899
1700289269669 2.4766297340393066 5999
1700289276280 2.5012452602386475 6099
1700289282502 2.647841453552246 6199
1700289288622 2.58243465423584 6299
1700289294845 2.8316421508789062 6399
1700289301335 2.696568250656128 6499
1700289308120 2.9482364654541016 6599
1700289314344 2.5517523288726807 6699
1700289320513 2.688502311706543 6799
1700289326710 2.997831344604492 6899
1700289333042 2.7941558361053467 6999
1700289339851 2.869133234024048 7099
1700289345991 2.8999102115631104 7199
1700289352230 2.72794508934021 7299
1700289358484 2.629035472869873 7399
1700289364710 2.777827501296997 7499
1700289371588 3.09928035736084 7599
1700289377901 2.9203548431396484 7699
1700289384070 3.120540142059326 7799
1700289390400 2.267259120941162 7899
1700289396683 2.824854850769043 7999
1700289403602 2.597028970718384 8099
1700289410020 2.69207501411438 8199
1700289416218 3.0136234760284424 8299
1700289422381 2.693887710571289 8399
1700289428708 2.6221911907196045 8499
1700289435589 2.9354076385498047 8599
1700289442004 2.9677467346191406 8699
1700289448717 2.833158254623413 8799
1700289454907 2.7613041400909424 8899
1700289461196 2.7357242107391357 8999
1700289468112 2.733848810195923 9099
1700289474736 2.79811429977417 9199
1700289480889 3.2163937091827393 9299
1700289487041 3.371572971343994 9399
1700289493335 3.205242156982422 9499
1700289499940 2.862452983856201 9599
1700289506547 3.0454394817352295 9699
1700289512723 3.1671969890594482 9799
1700289518931 3.1075663566589355 9899
1700289525076 3.441692590713501 9999
1700289531697 3.3063974380493164 10099
1700289538356 3.0845274925231934 10199
1700289544515 2.6639838218688965 10299
1700289550816 3.069185256958008 10399
1700289557034 3.0026280879974365 10499
1700289563590 2.8881263732910156 10599
1700289570217 3.0837841033935547 10699
1700289576368 2.792006492614746 10799
1700289582633 2.9406778812408447 10899
1700289588927 3.0693440437316895 10999
1700289595539 2.799525737762451 11099
1700289602375 2.9990012645721436 11199
1700289608740 3.113365411758423 11299
1700289614918 2.845061779022217 11399
1700289621189 3.009310722351074 11499
1700289627670 2.899458408355713 11599
1700289634069 3.0167675018310547 11699
1700289640715 3.0058791637420654 11799
1700289646926 2.967578411102295 11899
1700289653266 2.960031509399414 11999
1700289659822 3.0212252140045166 12099
1700289665944 3.1379668712615967 12199
1700289672859 3.078965187072754 12299
1700289679160 3.2194623947143555 12399
1700289685426 3.337345600128174 12499
1700289692174 3.027493953704834 12599
1700289698295 3.270787477493286 12699
1700289705037 2.924276113510132 12799
1700289711346 3.197080373764038 12899
1700289717636 2.7646892070770264 12999
1700289724239 2.838028907775879 13099
1700289730552 3.075232982635498 13199
1700289737427 3.071051836013794 13299
1700289743823 2.8303844928741455 13399
1700289750073 3.0543031692504883 13499
1700289756705 3.0962674617767334 13599
1700289762987 2.907104730606079 13699
1700289769509 2.7119598388671875 13799
1700289776101 3.0225203037261963 13899
1700289782498 3.070692300796509 13999
1700289789138 3.202321767807007 14099
1700289795300 3.1073334217071533 14199
1700289801677 3.349453926086426 14299
1700289808469 3.2445738315582275 14399
1700289814694 2.914816379547119 14499
1700289821376 3.1266252994537354 14599
1700289827667 3.2031056880950928 14699
1700289833939 3.3263044357299805 14799
1700289840877 3.365186929702759 14899
1700289847032 3.2223117351531982 14999
1700289853571 3.1172900199890137 15099
1700289859743 3.1795339584350586 15199
1700289865916 3.0302417278289795 15299
1700289872532 2.8959860801696777 15399
1700289878959 3.40433931350708 15499
1700289885591 3.506286144256592 15599
1700289891923 2.851660966873169 15699
1700289898161 2.810622453689575 15799
1700289904308 2.577662944793701 15899
1700289911077 2.632537364959717 15999
1700289917927 2.8454220294952393 16099
1700289924427 3.26006817817688 16199
1700289930814 3.118924140930176 16299
1700289936907 3.2481350898742676 16399
1700289943787 3.1017966270446777 16499
1700289950481 2.781409740447998 16599
1700289956738 2.947848320007324 16699
1700289963083 2.9905779361724854 16799
1700289969295 3.1015288829803467 16899
1700289975953 3.186973810195923 16999
1700289982891 2.9999043941497803 17099
1700289989287 2.851684093475342 17199
1700289995503 3.144724130630493 17299
1700290001853 3.221555709838867 17399
1700290008538 3.3765642642974854 17499
1700290015836 3.222722053527832 17599
1700290022144 3.7065837383270264 17699
1700290028479 3.2823917865753174 17799
1700290034708 2.962287187576294 17899
1700290041074 2.990525245666504 17999
1700290048347 2.9033799171447754 18099
1700290054525 2.9614336490631104 18199
1700290060710 2.922532320022583 18299
1700290067066 3.019162178039551 18399
1700290073490 2.8749327659606934 18499
1700290080652 2.954756021499634 18599
1700290087230 3.055432081222534 18699
1700290093416 2.9224138259887695 18799
1700290099748 2.608582019805908 18899
1700290106245 2.88573956489563 18999
1700290112831 2.9459240436553955 19099
1700290119757 2.7439188957214355 19199
1700290125985 2.9436659812927246 19299
1700290132386 3.1046180725097656 19399
1700290138976 2.814833641052246 19499
1700290145282 3.06429386138916 19599
1700290152341 2.6579151153564453 19699
1700290158599 2.8734638690948486 19799
1700290164841 2.9867868423461914 19899
1700290171562 3.330353021621704 19999
1700290177796 2.8067779541015625 20099
1700290184417 2.986506938934326 20199
1700290191237 3.056251287460327 20299
1700290197597 3.0042827129364014 20399
1700290204160 3.053555488586426 20499
1700290210524 2.9606220722198486 20599
1700290216909 2.5850045680999756 20699
1700290223951 2.881608486175537 20799
1700290230279 3.0747056007385254 20899
1700290236895 3.0334532260894775 20999
1700290243085 2.720093011856079 21099
1700290249500 2.7180545330047607 21199
1700290256155 2.6702685356140137 21299
1700290262910 2.9553990364074707 21399
1700290269702 2.916118860244751 21499
1700290275986 2.6549041271209717 21599
1700290282372 2.6375653743743896 21699
1700290288755 2.623581886291504 21799
1700290295803 2.8141770362854004 21899
1700290302470 2.912285327911377 21999
1700290308813 2.845811367034912 22099
1700290315114 3.1044492721557617 22199
1700290321466 3.115436553955078 22299
1700290328680 2.954225778579712 22399
1700290335390 3.316770076751709 22499
1700290341771 3.398561716079712 22599
1700290348109 3.1465811729431152 22699
1700290354445 3.1749870777130127 22799
1700290361071 3.258997917175293 22899
1700290368405 3.1385786533355713 22999
1700290374806 2.8320956230163574 23099
1700290381247 3.026498556137085 23199
1700290387619 3.3809313774108887 23299
1700290394006 2.9986214637756348 23399
1700290402060 2.8906748294830322 23499
1700290408653 2.8801915645599365 23599
1700290415371 2.973936080932617 23699
1700290421675 2.8657338619232178 23799
1700290428253 2.87207293510437 23899
1700290435345 2.8492727279663086 23999
1700290442068 2.790189743041992 24099
1700290448379 2.4753940105438232 24199
1700290454594 2.9493906497955322 24299
1700290461139 2.9482481479644775 24399
1700290467682 2.6881136894226074 24499
1700290474878 3.133112907409668 24599
1700290481235 3.2114827632904053 24699
1700290487618 3.107891321182251 24799
1700290494302 2.797672986984253 24899
1700290500726 3.0806167125701904 24999
1700290507885 3.0797879695892334 25099
1700290514493 2.7904303073883057 25199
1700290520882 2.745950222015381 25299
1700290527620 3.0369505882263184 25399
1700290533904 3.346306085586548 25499
1700290540344 3.2140097618103027 25599
1700290547404 3.3368964195251465 25699
1700290553751 3.028439521789551 25799
1700290560511 3.044135570526123 25899
1700290566786 3.0090606212615967 25999
1700290573198 2.8047940731048584 26099
1700290580207 2.844329595565796 26199
1700290587000 2.8375542163848877 26299
1700290593867 3.204225778579712 26399
1700290600260 3.2709949016571045 26499
1700290606664 3.0294830799102783 26599
1700290613278 2.9938137531280518 26699
1700290620430 3.0910372734069824 26799
1700290627347 2.853259801864624 26899
1700290633825 2.8171162605285645 26999
1700290640360 2.9180076122283936 27099
1700290646843 3.010894298553467 27199
1700290654038 2.7213807106018066 27299
1700290661036 3.689471960067749 27399
1700290667435 3.5128307342529297 27499
1700290673895 3.2708685398101807 27599
1700290680350 3.0535073280334473 27699
1700290687415 3.2792656421661377 27799
1700290693969 3.6344964504241943 27899
1700290700538 3.3907787799835205 27999
1700290707122 3.0460193157196045 28099
1700290713845 2.7808916568756104 28199
1700290721569 2.9405806064605713 28299
1700290728477 2.618459701538086 28399
1700290735050 2.8766138553619385 28499
1700290741622 3.0777504444122314 28599
1700290748243 2.8335444927215576 28699
1700290755232 2.878326892852783 28799
1700290761789 2.774284601211548 28899
1700290768355 3.2574567794799805 28999
1700290774871 2.778576612472534 29099
1700290781423 3.304683208465576 29199
1700290789202 3.1044249534606934 29299
1700290795968 3.2326159477233887 29399
1700290802554 3.4077436923980713 29499
1700290809169 3.1498098373413086 29599
1700290816044 3.3477776050567627 29699
1700290822591 3.283550977706909 29799
1700290829197 3.282832145690918 29899
1700290835826 3.129059076309204 29999
1700290842412 3.0295510292053223 30099
1700290849467 2.8547210693359375 30199
1700290856853 2.9351491928100586 30299
1700290863496 3.030085802078247 30399
1700290869998 3.3105947971343994 30499
1700290876330 3.2603886127471924 30599
1700290883155 2.790966749191284 30699
1700290889498 2.819511651992798 30799
1700290896248 2.8645992279052734 30899
1700290903322 2.586832284927368 30999
1700290910076 3.1708030700683594 31099
1700290917137 2.805013656616211 31199
1700290924754 2.953218698501587 31299
1700290931550 3.4209182262420654 31399
1700290938394 3.3355906009674072 31499
1700290945353 2.966283082962036 31599
1700290951979 3.510225534439087 31699
1700290958565 3.2796621322631836 31799
1700290965144 3.3195879459381104 31899
1700290971830 2.9195122718811035 31999
1700290978800 2.819155693054199 32099
1700290985422 3.0621800422668457 32199
1700290993070 3.0719876289367676 32299
1700290999750 2.7252280712127686 32399
1700291006311 3.020153760910034 32499
1700291013257 2.789992094039917 32599
1700291019834 2.7157251834869385 32699
1700291026419 2.943519353866577 32799
1700291033022 2.837631940841675 32899
1700291039577 2.6332662105560303 32999
1700291046448 3.085120677947998 33099
1700291053205 3.146259069442749 33199
1700291060774 3.282235622406006 33299
1700291067284 3.358402967453003 33399
1700291074215 3.3846848011016846 33499
1700291080694 3.38138747215271 33599
1700291087185 3.142244338989258 33699
1700291093642 2.961327314376831 33799
1700291099999 3.224684476852417 33899
1700291106825 3.1927733421325684 33999
1700291113365 2.871657371520996 34099
1700291119788 3.377854108810425 34199
1700291127235 3.454707384109497 34299
1700291133706 3.220573663711548 34399
1700291140561 2.736509084701538 34499
1700291147049 3.063802480697632 34599
1700291153494 2.8877224922180176 34699
1700291160016 2.7851510047912598 34799
1700291166713 2.779313325881958 34899
1700291173532 3.008801221847534 34999
1700291179972 3.6368069648742676 35099
1700291186642 3.105307102203369 35199
1700291194066 3.026212692260742 35299
1700291200745 3.042841672897339 35399
1700291207861 3.110635757446289 35499
1700291214287 2.991407632827759 35599
1700291220700 3.2213168144226074 35699
1700291227089 2.668508768081665 35799
1700291233665 2.8986544609069824 35899
1700291240579 3.089712619781494 35999
1700291247120 2.553722858428955 36099
1700291253599 3.078157663345337 36199
1700291260913 2.9990081787109375 36299
1700291268540 3.117767333984375 36399
1700291274916 2.9113292694091797 36499
1700291281610 2.5346460342407227 36599
1700291288170 2.96006178855896 36699
1700291294547 2.8500192165374756 36799
1700291301771 2.75308895111084 36899
1700291308456 3.026298761367798 36999
1700291314881 3.2898640632629395 37099
1700291321488 2.987238883972168 37199
1700291328802 3.1283442974090576 37299
1700291336188 3.005281448364258 37399
1700291342632 3.438478708267212 37499
1700291349146 3.1756670475006104 37599
1700291355589 3.0944857597351074 37699
1700291362137 2.953826665878296 37799
1700291369035 2.6402015686035156 37899
1700291375420 2.8390636444091797 37999
1700291381927 3.2725911140441895 38099
1700291388377 2.6027960777282715 38199
1700291395868 3.025660514831543 38299
1700291403944 2.9213390350341797 38399
1700291410445 3.0206217765808105 38499
1700291416776 2.867295026779175 38599
1700291423411 2.913508892059326 38699
1700291430335 2.50982666015625 38799
1700291436805 2.8552088737487793 38899
1700291443365 2.9856934547424316 38999
1700291449897 2.940779685974121 39099
1700291456410 2.7468061447143555 39199
1700291463880 3.326692581176758 39299
1700291471491 3.2823169231414795 39399
1700291478158 3.2194745540618896 39499
1700291484814 3.112109661102295 39599
1700291491412 3.2128560543060303 39699
1700291498313 3.3310790061950684 39799
1700291504900 3.3172767162323 39899
1700291511596 2.9659762382507324 39999
1700291518367 2.749311923980713 40099
1700291525202 2.825185775756836 40199
1700291532248 2.8581387996673584 40299
1700291539823 3.35321307182312 40399
1700291546638 2.625966787338257 40499
1700291553451 3.1670339107513428 40599
1700291560456 3.372636556625366 40699
1700291567058 3.458714246749878 40799
1700291573815 2.4941844940185547 40899
1700291580534 2.743839979171753 40999
1700291587111 2.8314900398254395 41099
1700291593988 2.9222798347473145 41199
1700291600755 2.9542949199676514 41299
1700291608357 3.5253384113311768 41399
1700291614964 2.9909870624542236 41499
1700291621701 3.268200635910034 41599
1700291628431 3.0265753269195557 41699
1700291635009 3.036372661590576 41799
1700291641644 3.237321615219116 41899
1700291648209 3.0423290729522705 41999
1700291655035 2.873622417449951 42099
1700291661602 2.9514098167419434 42199
1700291668258 2.9618308544158936 42299
1700291675711 2.928596258163452 42399
1700291682667 2.953202486038208 42499
1700291689704 2.522878885269165 42599
1700291696203 3.187072992324829 42699
1700291702820 3.105090379714966 42799
1700291709420 2.8433806896209717 42899
1700291715966 2.5119516849517822 42999
1700291723045 2.776214361190796 43099
1700291729748 2.4668807983398438 43199
1700291736412 2.9625775814056396 43299
1700291743506 2.6830337047576904 43399
1700291751492 2.668779134750366 43499
1700291758084 2.916134834289551 43599
1700291764569 3.3070926666259766 43699
1700291770992 3.2538743019104004 43799
1700291777524 2.9088544845581055 43899
1700291784311 2.9561257362365723 43999
1700291790834 3.0508456230163574 44099
1700291797426 3.175684928894043 44199
1700291803989 3.3189311027526855 44299
1700291810953 3.153745412826538 44399
1700291819084 2.821413040161133 44499
1700291825774 2.693126916885376 44599
1700291832510 3.003781318664551 44699
1700291839168 2.9937312602996826 44799
1700291845602 2.860792398452759 44899
1700291852701 2.820896625518799 44999
1700291859135 2.8153035640716553 45099
1700291865717 2.85671329498291 45199
1700291872290 2.798790454864502 45299
1700291878965 3.1152455806732178 45399
1700291886783 2.6502974033355713 45499
1700291894095 3.387007474899292 45599
1700291900750 3.470679759979248 45699
1700291907493 3.037917375564575 45799
1700291914251 2.6795811653137207 45899
1700291920877 2.8925509452819824 45999
1700291927558 3.0303874015808105 46099
1700291934218 2.7541158199310303 46199
1700291940853 2.6995134353637695 46299
1700291947853 2.9643237590789795 46399
1700291954869 3.061023473739624 46499
1700291962167 3.0656988620758057 46599
1700291968890 3.1844019889831543 46699
1700291975476 3.358335494995117 46799
1700291982252 3.183133602142334 46899
1700291988721 2.787731409072876 46999
1700291995199 3.168541193008423 47099
1700292001692 3.0964066982269287 47199
1700292008295 3.470292806625366 47299
1700292014921 3.044400930404663 47399
1700292021671 2.799679756164551 47499
1700292029371 2.9284048080444336 47599
1700292036134 3.0970115661621094 47699
1700292043026 3.1621503829956055 47799
1700292049660 3.178478479385376 47899
1700292056171 2.814629077911377 47999
1700292062846 3.2200639247894287 48099
1700292069469 3.078897714614868 48199
1700292076379 2.952136278152466 48299
1700292083092 3.158801555633545 48399
1700292089727 3.030740737915039 48499
1700292097127 3.289959192276001 48599
1700292104572 2.904906749725342 48699
1700292111646 2.9095051288604736 48799
1700292118115 2.844222068786621 48899
1700292124597 2.9449353218078613 48999
1700292131186 2.8517932891845703 49099
1700292138095 2.7131145000457764 49199
1700292144873 3.295322895050049 49299
1700292151424 2.8687427043914795 49399
1700292158243 2.9955809116363525 49499
1700292165511 2.999119281768799 49599
1700292174015 3.3531761169433594 49699
1700292181081 3.269029140472412 49799
1700292187895 3.093564033508301 49899
1700292194689 2.9457144737243652 49999
1700292201782 2.6357948780059814 50099
1700292208835 2.9505550861358643 50199
1700292215704 3.445618152618408 50299
1700292222417 3.083873748779297 50399
1700292229307 3.275866746902466 50499
1700292237032 2.5301756858825684 50599
1700292245101 2.7331576347351074 50699
1700292252150 3.031137228012085 50799
1700292258939 3.1438498497009277 50899
1700292265438 2.9311447143554688 50999
1700292272487 2.9640586376190186 51099
1700292279154 2.6487393379211426 51199
1700292285756 2.9643921852111816 51299
1700292292374 3.0858237743377686 51399
1700292299132 3.2306957244873047 51499
1700292305753 2.790743589401245 51599
1700292313226 2.7441861629486084 51699
1700292320437 3.2942981719970703 51799
1700292326876 2.9458281993865967 51899
1700292333778 2.444196939468384 51999
1700292340314 2.8267414569854736 52099
1700292346832 2.8041152954101562 52199
1700292353267 3.3577935695648193 52299
1700292359848 3.491039752960205 52399
1700292366657 2.9947493076324463 52499
1700292373186 3.1850807666778564 52599
1700292380073 3.1293387413024902 52699
1700292387584 3.048332691192627 52799
1700292394333 3.1151533126831055 52899
1700292401369 3.313903570175171 52999
1700292408381 3.2220118045806885 53099
1700292415444 3.112248420715332 53199
1700292422040 3.1313679218292236 53299
1700292429053 3.2258007526397705 53399
1700292435864 2.993908643722534 53499
1700292442454 3.188926935195923 53599
1700292449177 3.0287020206451416 53699
1700292456805 3.125457763671875 53799
1700292464418 2.9958300590515137 53899
1700292470931 3.181708812713623 53999
1700292477469 2.8889684677124023 54099
1700292483959 3.3202078342437744 54199
1700292490430 3.2153635025024414 54299
1700292497190 2.880627393722534 54399
1700292503669 2.7866768836975098 54499
1700292510260 3.2766952514648438 54599
1700292516807 3.229083776473999 54699
1700292524090 3.224152088165283 54799
1700292532089 3.2591404914855957 54899
1700292538927 2.885366439819336 54999
1700292545323 3.086273670196533 55099
1700292551834 3.329253911972046 55199
1700292558584 3.339723825454712 55299
1700292565118 3.3853323459625244 55399
1700292571664 3.2973570823669434 55499
1700292578103 3.2235476970672607 55599
1700292584551 2.951223850250244 55699
1700292591402 2.6469368934631348 55799
1700292598716 3.0211689472198486 55899
1700292606295 2.8294668197631836 55999
1700292612889 3.2709262371063232 56099
1700292619427 2.742504119873047 56199
1700292626190 2.9581546783447266 56299
1700292632672 3.1547937393188477 56399
1700292639150 3.343292474746704 56499
1700292645640 3.130009889602661 56599
1700292652191 2.9565658569335938 56699
1700292659027 2.6525497436523438 56799
1700292665493 3.196197509765625 56899
1700292673068 2.9794957637786865 56999
1700292680476 3.0259506702423096 57099
1700292687242 3.3073930740356445 57199
1700292693938 3.276425361633301 57299
1700292700515 2.9570019245147705 57399
1700292706999 3.4473438262939453 57499
1700292713528 3.018869400024414 57599
1700292720394 3.3378448486328125 57699
1700292726867 3.3410072326660156 57799
1700292733403 3.4284744262695312 57899
1700292740104 3.0880675315856934 57999
1700292747693 3.143780469894409 58099
1700292755158 3.119237184524536 58199
1700292761808 3.214887857437134 58299
1700292768372 3.1299352645874023 58399
1700292774941 3.1366844177246094 58499
1700292781621 2.9263668060302734 58599
1700292788450 3.297175884246826 58699
1700292795025 2.824352979660034 58799
1700292801662 2.9414219856262207 58899
1700292808187 2.650756597518921 58999
1700292815219 2.9831395149230957 59099
1700292822896 2.81052565574646 59199
1700292830139 2.8504931926727295 59299
1700292836636 2.779269218444824 59399
1700292843175 3.0504841804504395 59499
1700292850064 2.6990344524383545 59599
1700292856747 2.7856528759002686 59699
1700292863322 2.947845935821533 59799
1700292869881 3.0573201179504395 59899
1700292876380 2.7200896739959717 59999
1700292883307 2.981724262237549 60099
1700292890480 3.1155152320861816 60199
1700292898166 3.0824973583221436 60299
1700292905454 3.3751018047332764 60399
1700292912623 3.1619040966033936 60499
1700292919465 2.9123711585998535 60599
1700292925942 2.9602653980255127 60699
1700292932456 2.528033494949341 60799
1700292939077 3.1747145652770996 60899
1700292946051 3.061978816986084 60999
1700292952672 2.4658806324005127 61099
1700292959264 2.789107084274292 61199
1700292966792 2.9815707206726074 61299
1700292974129 3.0442004203796387 61399
1700292981232 2.7762110233306885 61499
1700292987836 2.632218837738037 61599
1700292994378 2.6663968563079834 61699
1700293001032 2.752457857131958 61799
1700293007963 3.09773588180542 61899
1700293014621 2.8904025554656982 61999
1700293021229 2.4210920333862305 62099
1700293027788 2.8692617416381836 62199
