1700586553430 0.22249087691307068 99
1700586556956 0.11181845515966415 199
1700586560433 0.10319487005472183 299
1700586563785 0.12731589376926422 399
1700586567151 0.14254975318908691 499
1700586570488 0.0802149549126625 599
1700586573881 0.11129456013441086 699
1700586578037 0.07362719625234604 799
1700586581407 0.07375610619783401 899
1700586584718 0.06309598684310913 999
1700586588271 0.13893695175647736 1099
1700586591722 0.17515067756175995 1199
1700586595053 0.09155631065368652 1299
1700586598397 0.08339812606573105 1399
1700586601755 0.1008610650897026 1499
1700586605116 0.09568283706903458 1599
1700586608412 0.03936603292822838 1699
1700586611917 0.06942681223154068 1799
1700586615287 0.0668313130736351 1899
1700586618896 0.08037716150283813 1999
1700586622274 0.08647453784942627 2099
1700586625671 0.09053822606801987 2199
1700586629095 0.05241591855883598 2299
1700586632476 0.1413511037826538 2399
1700586635816 0.04257653281092644 2499
1700586639176 0.08730462938547134 2599
1700586642560 0.051826827228069305 2699
1700586645953 0.03359559178352356 2799
1700586649508 0.07863744348287582 2899
1700586652981 0.05812351033091545 2999
1700586656743 0.06758535653352737 3099
1700586660139 0.11224176734685898 3199
1700586663567 0.12456776946783066 3299
1700586666978 0.08520977199077606 3399
1700586670398 0.058251578360795975 3499
1700586673945 0.12719684839248657 3599
1700586677442 0.09837665408849716 3699
1700586680914 0.10317623615264893 3799
1700586684493 0.05834958329796791 3899
1700586687958 0.06547355651855469 3999
1700586691411 0.0971473902463913 4099
1700586694787 0.06076338514685631 4199
1700586698242 0.04515715315937996 4299
1700586701645 0.0428062304854393 4399
1700586705145 0.06377094984054565 4499
1700586708548 0.05485597625374794 4599
1700586711923 0.06467752158641815 4699
1700586715437 0.06849367171525955 4799
1700586718742 0.07609802484512329 4899
1700586722053 0.03402114287018776 4999
1700586725354 0.06050587445497513 5099
1700586728662 0.04820794612169266 5199
1700586731966 0.1087661013007164 5299
1700586735384 0.05548153072595596 5399
1700586738789 0.1126936823129654 5499
1700586742102 0.09927430748939514 5599
1700586745656 0.04856611788272858 5699
1700586749030 0.0510125458240509 5799
1700586752358 0.11928073316812515 5899
1700586755694 0.041114404797554016 5999
1700586759015 0.06025988981127739 6099
1700586762347 0.05953885242342949 6199
1700586765799 0.08431018888950348 6299
1700586769123 0.09576565027236938 6399
1700586772405 0.093344546854496 6499
1700586775802 0.08525756746530533 6599
1700586779109 0.09144359827041626 6699
1700586782422 0.04344083368778229 6799
1700586785723 0.03791143000125885 6899
1700586788959 0.044342827051877975 6999
1700586792646 0.04754284396767616 7099
1700586796051 0.050183795392513275 7199
1700586799450 0.04691486433148384 7299
1700586802770 0.05111617222428322 7399
1700586806111 0.06469303369522095 7499
1700586809659 0.09126000851392746 7599
1700586813043 0.041435226798057556 7699
1700586816447 0.03484976664185524 7799
1700586819821 0.019859522581100464 7899
1700586823141 0.0644713044166565 7999
1700586826403 0.022352226078510284 8099
1700586829872 0.06451424956321716 8199
1700586833232 0.009262067265808582 8299
1700586836447 0.08643514662981033 8399
1700586840012 0.039926376193761826 8499
1700586843296 0.02933705598115921 8599
1700586846590 0.044161465018987656 8699
1700586849885 0.0435275174677372 8799
1700586853250 0.031904008239507675 8899
1700586856663 0.04908432811498642 8999
1700586860307 0.03337232396006584 9099
1700586863648 0.039245158433914185 9199
1700586867010 0.06533395498991013 9299
1700586870895 0.03857969492673874 9399
1700586874275 0.06585466116666794 9499
1700586877674 0.02445446327328682 9599
1700586881389 0.03158106654882431 9699
1700586884717 0.026577617973089218 9799
1700586888195 0.025726301595568657 9899
1700586891832 0.008529230020940304 9999
1700586895217 0.033301688730716705 10099
1700586898657 0.028705017641186714 10199
1700586902355 0.06379791349172592 10299
1700586905731 0.10290275514125824 10399
1700586909368 0.07147219777107239 10499
1700586912811 0.06601928174495697 10599
1700586916075 0.036284372210502625 10699
1700586919503 0.032400235533714294 10799
1700586923219 0.026639549061655998 10899
1700586926707 0.027157863602042198 10999
1700586930153 0.03515350818634033 11099
1700586933650 0.07849384099245071 11199
1700586937188 0.06486137211322784 11299
1700586940651 0.06025490164756775 11399
1700586944045 0.04439032822847366 11499
1700586947484 0.047039929777383804 11599
1700586950864 0.056942809373140335 11699
1700586954448 0.0536830835044384 11799
1700586957923 0.05823936313390732 11899
1700586961454 0.06163352355360985 11999
1700586964943 0.05063820630311966 12099
1700586968476 0.030866144225001335 12199
1700586972059 0.022213628515601158 12299
1700586975565 0.04298347234725952 12399
1700586979017 0.04050947725772858 12499
1700586982422 0.04851368069648743 12599
1700586985948 0.05505231395363808 12699
1700586989401 0.04357340559363365 12799
1700586992849 0.09453362226486206 12899
1700586996301 0.0608389712870121 12999
1700587000091 0.03252445533871651 13099
1700587003505 0.03867143765091896 13199
1700587006929 0.04603421315550804 13299
1700587010502 0.026020748540759087 13399
1700587013922 0.04397709295153618 13499
1700587017340 0.0837232694029808 13599
1700587020715 0.01582285948097706 13699
1700587024046 0.04614798724651337 13799
1700587027371 0.05690727382898331 13899
1700587030823 0.035932328552007675 13999
1700587034101 0.06068749353289604 14099
1700587037509 0.03546726331114769 14199
1700587040846 0.06862745434045792 14299
1700587044235 0.046766266226768494 14399
1700587047593 0.04621563106775284 14499
1700587051147 0.09375408291816711 14599
1700587054536 0.02808535285294056 14699
1700587057899 0.026161417365074158 14799
1700587061318 0.024201076477766037 14899
1700587064660 0.020030396059155464 14999
1700587068019 0.043584927916526794 15099
1700587071250 0.052748143672943115 15199
1700587074587 0.03259352222084999 15299
1700587077984 0.034941934049129486 15399
1700587081440 0.0531746968626976 15499
1700587084878 0.08135226368904114 15599
1700587088241 0.04590287059545517 15699
1700587091922 0.034133996814489365 15799
1700587095236 0.028497684746980667 15899
1700587098593 0.04562123864889145 15999
1700587101895 0.029317211359739304 16099
1700587105431 0.030462762340903282 16199
1700587108774 0.05022173002362251 16299
1700587112122 0.03225154057145119 16399
1700587115691 0.046447087079286575 16499
1700587119070 0.010952237993478775 16599
1700587122388 0.017355822026729584 16699
1700587125873 0.05276990309357643 16799
1700587129232 0.06946070492267609 16899
1700587132679 0.06971420347690582 16999
1700587136172 0.060213204473257065 17099
1700587139567 0.055307064205408096 17199
1700587142870 0.06648115813732147 17299
1700587146575 0.027606742456555367 17399
1700587149915 0.05220770090818405 17499
1700587153382 0.04280604049563408 17599
1700587157003 0.016828153282403946 17699
1700587160419 0.03452448919415474 17799
1700587163761 0.03549100086092949 17899
1700587167212 0.05698154866695404 17999
1700587170603 0.05327220261096954 18099
1700587173912 0.03032364696264267 18199
1700587177444 0.03918500989675522 18299
1700587180903 0.04260974004864693 18399
1700587184277 0.05478827655315399 18499
1700587187921 0.04165156930685043 18599
1700587191255 0.042672138661146164 18699
1700587194602 0.03683793172240257 18799
1700587197961 0.09170857071876526 18899
1700587201320 0.011773213744163513 18999
1700587204695 0.017460079863667488 19099
1700587208106 0.03814169391989708 19199
1700587211764 0.07684915512800217 19299
1700587215142 0.041542697697877884 19399
1700587218697 0.03509548678994179 19499
1700587222014 0.027276286855340004 19599
1700587225385 0.05293532833456993 19699
1700587229001 0.025248555466532707 19799
1700587232405 0.05724149942398071 19899
1700587235761 0.027306318283081055 19999
1700587239175 0.0516522191464901 20099
1700587242751 0.014873053878545761 20199
1700587246131 0.013825470581650734 20299
1700587249735 0.04401693865656853 20399
1700587253227 0.004893649369478226 20499
1700587256621 0.0371980294585228 20599
1700587259981 0.038593683391809464 20699
1700587263404 0.03310973197221756 20799
1700587266821 0.055444683879613876 20899
1700587270196 0.04033980146050453 20999
1700587273804 0.06547804921865463 21099
1700587277386 0.029006019234657288 21199
1700587280887 0.02976706065237522 21299
1700587284298 0.07561216503381729 21399
1700587287792 0.030028773471713066 21499
1700587291211 0.013350371271371841 21599
1700587294636 0.026850473135709763 21699
1700587298130 0.03193523734807968 21799
1700587301592 0.03143814206123352 21899
1700587304964 0.04759019613265991 21999
1700587308858 0.049980998039245605 22099
1700587312450 0.09178581833839417 22199
1700587315909 0.009897307492792606 22299
1700587319379 0.0763896256685257 22399
1700587322747 0.016713207587599754 22499
1700587326320 0.054710566997528076 22599
1700587329743 0.023702111095190048 22699
1700587333387 0.0207835603505373 22799
1700587336891 0.04343724995851517 22899
1700587340493 0.028931710869073868 22999
1700587344011 0.020308442413806915 23099
1700587347432 0.02631709724664688 23199
1700587350741 0.08182559907436371 23299
1700587354336 0.0470864400267601 23399
1700587357696 0.03239138796925545 23499
1700587361073 0.0358225554227829 23599
1700587364397 0.055417876690626144 23699
1700587367822 0.038976069539785385 23799
1700587371284 0.03047117590904236 23899
1700587374900 0.03571416065096855 23999
1700587378381 0.04487325996160507 24099
1700587381767 0.02615935541689396 24199
1700587385158 0.022363102063536644 24299
1700587388565 0.030353933572769165 24399
1700587391992 0.05249493941664696 24499
1700587395438 0.03361019492149353 24599
1700587398861 0.026731926947832108 24699
1700587402230 0.01985109969973564 24799
1700587406064 0.02732435055077076 24899
1700587409516 0.08699803054332733 24999
1700587412873 0.014259829185903072 25099
1700587416158 0.0338347926735878 25199
1700587419526 0.009640488773584366 25299
1700587422961 0.042366378009319305 25399
1700587426309 0.01620016247034073 25499
1700587429669 0.04278228059411049 25599
1700587433046 0.03140833601355553 25699
1700587436497 0.04732273146510124 25799
1700587440194 0.045382481068372726 25899
1700587443535 0.0320102833211422 25999
1700587447083 0.052895281463861465 26099
1700587450403 0.01743699237704277 26199
1700587453821 0.04312081262469292 26299
1700587457194 0.05810122936964035 26399
1700587460425 0.03600569814443588 26499
1700587463928 0.01048256829380989 26599
1700587467370 0.02460530772805214 26699
1700587471363 0.06513142585754395 26799
1700587474646 0.026443887501955032 26899
1700587477997 0.01966037228703499 26999
1700587481388 0.041376497596502304 27099
1700587484726 0.023975342512130737 27199
1700587488152 0.029456062242388725 27299
1700587491709 0.053629375994205475 27399
1700587495113 0.023228291422128677 27499
1700587498507 0.014579223468899727 27599
1700587502115 0.017029309645295143 27699
1700587505648 0.04494625702500343 27799
1700587509050 0.021431846544146538 27899
1700587512423 0.04148900508880615 27999
1700587515793 0.030349578708410263 28099
1700587519220 0.04376516863703728 28199
1700587522574 0.015839610248804092 28299
1700587526032 0.02817000262439251 28399
1700587529422 0.0363592766225338 28499
1700587532838 0.023634986951947212 28599
1700587536473 0.03201308101415634 28699
1700587539868 0.03293837234377861 28799
1700587543416 0.01932203210890293 28899
1700587546826 0.06661694496870041 28999
1700587550352 0.05001296475529671 29099
1700587553733 0.03814731910824776 29199
1700587557083 0.03703954443335533 29299
1700587560505 0.024653110653162003 29399
1700587563896 0.045478250831365585 29499
1700587567408 0.024854416027665138 29599
1700587571206 0.0393553264439106 29699
1700587574609 0.02989589050412178 29799
1700587578058 0.019419686868786812 29899
1700587581415 0.04096373915672302 29999
1700587584652 0.028613418340682983 30099
1700587587977 0.04172646626830101 30199
1700587591313 0.030985232442617416 30299
1700587594676 0.06928329169750214 30399
1700587598269 0.04351135715842247 30499
1700587601848 0.030108487233519554 30599
1700587605367 0.030402949079871178 30699
1700587608856 0.04387278109788895 30799
1700587612283 0.07660412043333054 30899
1700587615702 0.04799407720565796 30999
1700587619159 0.057296670973300934 31099
1700587622760 0.05678752809762955 31199
1700587626243 0.05583465099334717 31299
1700587629726 0.041240911930799484 31399
1700587633040 0.035976994782686234 31499
1700587636792 0.0458989217877388 31599
1700587640245 0.045967623591423035 31699
1700587643584 0.028498850762844086 31799
1700587646957 0.056966375559568405 31899
1700587650302 0.023655207827687263 31999
1700587653661 0.018868785351514816 32099
1700587656985 0.03086862340569496 32199
1700587660488 0.06745170801877975 32299
1700587663947 0.058890391141176224 32399
1700587667512 0.03390736132860184 32499
1700587671165 0.0246093962341547 32599
1700587674472 0.04622170701622963 32699
1700587677873 0.04213970527052879 32799
1700587681242 0.01929883472621441 32899
1700587684565 0.05612253397703171 32999
1700587688148 0.043005406856536865 33099
1700587691599 0.02827717363834381 33199
1700587694931 0.03644493222236633 33299
1700587698317 0.01639487035572529 33399
1700587701948 0.02908487617969513 33499
1700587705376 0.02718494087457657 33599
1700587708972 0.025424854829907417 33699
1700587712363 0.04446693882346153 33799
1700587715775 0.07827602326869965 33899
1700587719220 0.0584859661757946 33999
1700587722686 0.030674565583467484 34099
1700587726050 0.03135480731725693 34199
1700587729438 0.05577869713306427 34299
1700587732813 0.043826520442962646 34399
1700587736498 0.031364552676677704 34499
1700587739929 0.01714705117046833 34599
1700587743526 0.05348442867398262 34699
1700587746956 0.043445564806461334 34799
1700587750366 0.05038559436798096 34899
1700587753749 0.031981464475393295 34999
1700587757089 0.05778549239039421 35099
1700587760615 0.035687707364559174 35199
1700587764019 0.05420940741896629 35299
1700587767713 0.015946678817272186 35399
1700587771272 0.014727388508617878 35499
1700587774655 0.02048429101705551 35599
1700587778036 0.010419140569865704 35699
1700587781352 0.05134252831339836 35799
1700587784711 0.029625501483678818 35899
1700587788319 0.031057359650731087 35999
1700587791710 0.06046820804476738 36099
1700587795097 0.04316031187772751 36199
1700587798497 0.026386165991425514 36299
1700587802110 0.06500428915023804 36399
1700587805583 0.06572722643613815 36499
1700587808950 0.03454996645450592 36599
1700587812341 0.040880706161260605 36699
1700587815678 0.07897690683603287 36799
1700587819100 0.038259390741586685 36899
1700587822452 0.03688554838299751 36999
1700587825867 0.025857403874397278 37099
1700587829245 0.015587431378662586 37199
1700587832608 0.033929530531167984 37299
1700587836279 0.025062929838895798 37399
1700587839904 0.02768918313086033 37499
1700587843265 0.038020599633455276 37599
1700587846646 0.08512452244758606 37699
1700587850059 0.022640278562903404 37799
1700587853433 0.022708965465426445 37899
1700587856868 0.05500194430351257 37999
1700587860302 0.06479586660861969 38099
1700587863664 0.016105536371469498 38199
1700587867024 0.02789800800383091 38299
1700587870700 0.038446202874183655 38399
1700587874173 0.0209963358938694 38499
1700587877560 0.038072578608989716 38599
1700587881106 0.07655534148216248 38699
1700587884463 0.003680313704535365 38799
1700587887860 0.0500173345208168 38899
1700587891247 0.093276247382164 38999
1700587894567 0.041613977402448654 39099
1700587897959 0.021725833415985107 39199
1700587901431 0.08622000366449356 39299
1700587905310 0.04652680456638336 39399
1700587908700 0.03147580102086067 39499
1700587912090 0.0373024083673954 39599
1700587915538 0.013293830677866936 39699
1700587918998 0.011274437420070171 39799
1700587922431 0.02129666693508625 39899
1700587926101 0.017190968617796898 39999
1700587929494 0.036255620419979095 40099
1700587932984 0.03874402120709419 40199
1700587936536 0.03257177770137787 40299
1700587940116 0.039895448833703995 40399
1700587943510 0.037967897951602936 40499
1700587946989 0.011991474777460098 40599
1700587950324 0.04272198677062988 40699
1700587953695 0.0622028224170208 40799
1700587957073 0.03573613241314888 40899
1700587960516 0.03443504497408867 40999
1700587963856 0.03204060718417168 41099
1700587967438 0.06306841969490051 41199
1700587971066 0.030207136645913124 41299
1700587974586 0.052002113312482834 41399
1700587978175 0.047753095626831055 41499
1700587981530 0.029442472383379936 41599
1700587985121 0.03803565353155136 41699
1700587988523 0.035808879882097244 41799
1700587991865 0.03951103612780571 41899
1700587995308 0.07764700055122375 41999
1700587998727 0.028648940846323967 42099
1700588002072 0.036814477294683456 42199
1700588006019 0.06021913141012192 42299
1700588009493 0.038060616701841354 42399
1700588012886 0.023752417415380478 42499
1700588016288 0.029993262141942978 42599
1700588019699 0.03216715529561043 42699
1700588023056 0.009554307907819748 42799
1700588026401 0.05777522921562195 42899
1700588029802 0.0431864932179451 42999
1700588033204 0.0777997374534607 43099
1700588036875 0.023012161254882812 43199
1700588040697 0.06496034562587738 43299
1700588044154 0.009717791341245174 43399
1700588047782 0.014707776717841625 43499
1700588051324 0.009186268784105778 43599
1700588054746 0.06742914021015167 43699
1700588058358 0.03445994853973389 43799
1700588061798 0.013237588107585907 43899
1700588065228 0.017692113295197487 43999
1700588068817 0.012377528473734856 44099
1700588072395 0.031972888857126236 44199
1700588076030 0.03791015222668648 44299
1700588079505 0.014889742247760296 44399
1700588082902 0.022258857265114784 44499
1700588086275 0.03362023085355759 44599
1700588089717 0.012589586898684502 44699
1700588093138 0.01691473089158535 44799
1700588096535 0.042391277849674225 44899
1700588100076 0.016796423122286797 44999
1700588103495 0.03342289477586746 45099
1700588107181 0.03983782231807709 45199
1700588110752 0.04543820768594742 45299
1700588114169 0.03411152958869934 45399
1700588117632 0.02324347384274006 45499
1700588121054 0.013332848437130451 45599
1700588124662 0.02812827192246914 45699
1700588128074 0.034970082342624664 45799
1700588131782 0.01204012893140316 45899
1700588135156 0.028920942917466164 45999
1700588138536 0.026231789961457253 46099
1700588142308 0.0626339465379715 46199
1700588145846 0.03926340863108635 46299
1700588149329 0.04025981202721596 46399
1700588152736 0.026711322367191315 46499
1700588156142 0.0393575094640255 46599
1700588159836 0.045315418392419815 46699
1700588163428 0.03686748445034027 46799
1700588166993 0.01975458301603794 46899
1700588170573 0.03848402947187424 46999
1700588174120 0.014546635560691357 47099
1700588177964 0.050170134752988815 47199
1700588181338 0.01368356216698885 47299
1700588184752 0.014246990904211998 47399
1700588188281 0.03326943889260292 47499
1700588191701 0.016284145414829254 47599
1700588195283 0.025959353893995285 47699
1700588198747 0.052472155541181564 47799
1700588202134 0.016618389636278152 47899
1700588205801 0.024282049387693405 47999
1700588209532 0.02828812226653099 48099
1700588213222 0.006059264298528433 48199
1700588216685 0.03250173479318619 48299
1700588220226 0.03432697057723999 48399
1700588223719 0.03890494257211685 48499
1700588227411 0.03618861734867096 48599
1700588230928 0.01572120375931263 48699
1700588234430 0.06360107660293579 48799
1700588237959 0.020755961537361145 48899
1700588241312 0.0346493273973465 48999
1700588244916 0.009088936261832714 49099
1700588248500 0.034701909869909286 49199
1700588251912 0.06683807820081711 49299
1700588255278 0.040344223380088806 49399
1700588258940 0.022255612537264824 49499
1700588262340 0.03607724979519844 49599
1700588265769 0.0472886897623539 49699
1700588269229 0.0372442752122879 49799
1700588272854 0.047989532351493835 49899
1700588276243 0.02278050221502781 49999
1700588280032 0.02715611644089222 50099
1700588283605 0.01827295683324337 50199
1700588287084 0.0436345711350441 50299
1700588290614 0.03465934470295906 50399
1700588294082 0.0018870639614760876 50499
1700588297594 0.03368714451789856 50599
1700588301223 0.04083598777651787 50699
1700588304599 0.010722490958869457 50799
1700588308032 0.025964023545384407 50899
1700588311679 0.04871806502342224 50999
1700588315417 0.03567436710000038 51099
1700588318924 0.043934840708971024 51199
1700588322468 0.0355873629450798 51299
1700588325890 0.039721857756376266 51399
1700588329330 0.05237070098519325 51499
1700588332719 0.035573989152908325 51599
1700588336149 0.06010335683822632 51699
1700588339599 0.09391990303993225 51799
1700588343020 0.03731531649827957 51899
1700588346588 0.017273860052227974 51999
1700588350523 0.02004406973719597 52099
1700588354305 0.02534637786448002 52199
1700588357826 0.01660981774330139 52299
1700588361260 0.0404273085296154 52399
1700588364695 0.01888052187860012 52499
1700588368148 0.020127369090914726 52599
1700588371606 0.029931439086794853 52699
1700588374973 0.02319655567407608 52799
1700588378463 0.02373688668012619 52899
1700588382253 0.02322467416524887 52999
1700588386155 0.027627302333712578 53099
1700588389647 0.030774593353271484 53199
1700588393294 0.03504079207777977 53299
1700588396787 0.03403931483626366 53399
1700588400235 0.03986634314060211 53499
1700588403704 0.0268514696508646 53599
1700588407162 0.032492745667696 53699
1700588410585 0.013237633742392063 53799
1700588414011 0.012559151276946068 53899
1700588418005 0.03298166021704674 53999
1700588421711 0.057506121695041656 54099
1700588425170 0.06873846799135208 54199
1700588428605 0.03935287520289421 54299
1700588432176 0.04859912022948265 54399
1700588435637 0.03248390927910805 54499
1700588439153 0.041511744260787964 54599
1700588442634 0.007060473784804344 54699
1700588446129 0.025150807574391365 54799
1700588449740 0.01689211279153824 54899
1700588453540 0.05233461409807205 54999
1700588457222 0.01556573435664177 55099
1700588460725 0.02193954586982727 55199
1700588464165 0.025725414976477623 55299
1700588467666 0.005877520889043808 55399
1700588471129 0.020379824563860893 55499
1700588474569 0.02734662964940071 55599
1700588478053 0.01840708963572979 55699
1700588481591 0.026109052821993828 55799
1700588484994 0.016219183802604675 55899
1700588488855 0.019031858071684837 55999
1700588492403 0.03161181882023811 56099
1700588496018 0.03940273076295853 56199
1700588499499 0.014819946140050888 56299
1700588502958 0.01801585778594017 56399
1700588506413 0.046017471700906754 56499
1700588509866 0.027507375925779343 56599
1700588513596 0.0057868980802595615 56699
1700588517214 0.04768975079059601 56799
1700588520832 0.01502520963549614 56899
1700588524965 0.012065498158335686 56999
1700588528655 0.04571608081459999 57099
1700588532214 0.029084447771310806 57199
1700588535981 0.015308464877307415 57299
1700588539564 0.031962886452674866 57399
1700588543081 0.023765088990330696 57499
1700588546683 0.010014726780354977 57599
1700588550206 0.03372243419289589 57699
1700588553679 0.014345776289701462 57799
1700588557414 0.025698188692331314 57899
1700588561221 0.025583267211914062 57999
1700588564671 0.019617432728409767 58099
1700588568145 0.036578986793756485 58199
1700588571582 0.051881976425647736 58299
1700588575279 0.01747721992433071 58399
1700588578986 0.028404628857970238 58499
1700588582466 0.0181113313883543 58599
1700588585948 0.029312556609511375 58699
1700588589380 0.023666730150580406 58799
1700588593113 0.004254600964486599 58899
1700588597015 0.04052690416574478 58999
1700588600520 0.020223835483193398 59099
1700588604015 0.022710483521223068 59199
1700588607852 0.022913148626685143 59299
1700588611305 0.04613406956195831 59399
1700588614754 0.03546542301774025 59499
1700588618445 0.026739170774817467 59599
1700588621903 0.04153364896774292 59699
1700588625322 0.04395192116498947 59799
1700588629224 0.043864656239748 59899
1700588632894 0.0332559198141098 59999
1700588636346 0.04281359538435936 60099
1700588639986 0.019627442583441734 60199
1700588643489 0.013991904444992542 60299
1700588647000 0.02766556292772293 60399
1700588650522 0.015079016797244549 60499
1700588653982 0.03628062084317207 60599
1700588657714 0.009018365293741226 60699
1700588661117 0.027228768914937973 60799
1700588664911 0.05698086693882942 60899
1700588668701 0.07780830562114716 60999
1700588672296 0.058447595685720444 61099
1700588675769 0.031019827350974083 61199
1700588679245 0.02682478539645672 61299
1700588682707 0.0158714447170496 61399
1700588686172 0.008478725329041481 61499
1700588689720 0.05665820091962814 61599
1700588693174 0.03403312712907791 61699
1700588696580 0.02208714745938778 61799
1700588700401 0.027138618752360344 61899
1700588704269 0.029466135427355766 61999
1700588707783 0.01911155879497528 62099
1700588711234 0.019774826243519783 62199
