1700297281242 0.818795382976532 99
1700297283854 0.5718833208084106 199
1700297286359 0.49006229639053345 299
1700297288899 0.556610643863678 399
1700297291557 0.4612700045108795 499
1700297294021 0.327735036611557 599
1700297296583 0.30233854055404663 699
1700297299783 0.33180227875709534 799
1700297302354 0.279941201210022 899
1700297304826 0.30366289615631104 999
1700297307400 0.43432456254959106 1099
1700297309874 0.41418325901031494 1199
1700297312506 0.3365270495414734 1299
1700297314947 0.3096264600753784 1399
1700297317415 0.3190031945705414 1499
1700297319935 0.28346845507621765 1599
1700297322450 0.2221953272819519 1699
1700297324924 0.2880459725856781 1799
1700297327377 0.23771964013576508 1899
1700297329817 0.29978761076927185 1999
1700297332325 0.19295093417167664 2099
1700297334802 0.3073727488517761 2199
1700297337261 0.26171839237213135 2299
1700297339792 0.35807138681411743 2399
1700297342359 0.19446192681789398 2499
1700297344903 0.20578166842460632 2599
1700297347353 0.2309378832578659 2699
1700297349841 0.2406289428472519 2799
1700297352393 0.27531543374061584 2899
1700297354911 0.22501112520694733 2999
1700297357865 0.25672653317451477 3099
1700297360300 0.32102176547050476 3199
1700297362818 0.41736721992492676 3299
1700297365283 0.20233556628227234 3399
1700297367778 0.20978952944278717 3499
1700297370407 0.31864285469055176 3599
1700297372890 0.27573060989379883 3699
1700297375501 0.29266980290412903 3799
1700297377965 0.2226841151714325 3899
1700297380436 0.23808445036411285 3999
1700297382936 0.27201148867607117 4099
1700297385418 0.2345324456691742 4199
1700297387953 0.1917382776737213 4299
1700297390414 0.20195706188678741 4399
1700297392924 0.22959670424461365 4499
1700297395424 0.22316372394561768 4599
1700297397981 0.20933228731155396 4699
1700297400590 0.19297972321510315 4799
1700297403102 0.18781675398349762 4899
1700297405606 0.16653336584568024 4999
1700297408204 0.18520373106002808 5099
1700297410731 0.2179262340068817 5199
1700297413263 0.30700019001960754 5299
1700297415770 0.23502285778522491 5399
1700297418528 0.2899585962295532 5499
1700297421049 0.30084067583084106 5599
1700297423508 0.2388056516647339 5699
1700297425987 0.22790604829788208 5799
1700297428470 0.3238104283809662 5899
1700297430984 0.19053375720977783 5999
1700297433533 0.16834570467472076 6099
1700297436013 0.28896018862724304 6199
1700297438573 0.3433981239795685 6299
1700297441017 0.37018805742263794 6399
1700297443511 0.27940496802330017 6499
1700297445964 0.28604012727737427 6599
1700297448416 0.28972434997558594 6699
1700297450845 0.17573285102844238 6799
1700297453325 0.1891889125108719 6899
1700297455776 0.17197276651859283 6999
1700297458692 0.19630596041679382 7099
1700297461202 0.2341153919696808 7199
1700297463733 0.15344280004501343 7299
1700297466193 0.19164814054965973 7399
1700297468637 0.2211732417345047 7499
1700297471297 0.2343156635761261 7599
1700297473755 0.2445257008075714 7699
1700297476187 0.21411921083927155 7799
1700297478661 0.1688973754644394 7899
1700297481211 0.19521446526050568 7999
1700297483679 0.13102640211582184 8099
1700297486142 0.26608794927597046 8199
1700297488692 0.12745003402233124 8299
1700297491248 0.23568788170814514 8399
1700297493814 0.21475408971309662 8499
1700297496381 0.23828870058059692 8599
1700297498914 0.18582560122013092 8699
1700297501578 0.24915996193885803 8799
1700297504130 0.20325376093387604 8899
1700297506569 0.13514229655265808 8999
1700297509042 0.18504373729228973 9099
1700297511574 0.25444841384887695 9199
1700297514049 0.2110397070646286 9299
1700297516981 0.2025439739227295 9399
1700297519477 0.17366954684257507 9499
1700297521961 0.20354032516479492 9599
1700297524465 0.17812256515026093 9699
1700297527013 0.17342509329319 9799
1700297529478 0.2057753950357437 9899
1700297532002 0.08447398245334625 9999
1700297534598 0.13488532602787018 10099
1700297537042 0.19306613504886627 10199
1700297539486 0.2334023118019104 10299
1700297541963 0.2854517698287964 10399
1700297544448 0.19202443957328796 10499
1700297546891 0.22811375558376312 10599
1700297549383 0.17758096754550934 10699
1700297551836 0.2358967363834381 10799
1700297554285 0.1839456707239151 10899
1700297556859 0.1915597915649414 10999
1700297559344 0.24703682959079742 11099
1700297561840 0.24963413178920746 11199
1700297564294 0.2376517653465271 11299
1700297566883 0.21662846207618713 11399
1700297569357 0.23742526769638062 11499
1700297571851 0.21218381822109222 11599
1700297574276 0.23708660900592804 11699
1700297576714 0.265232652425766 11799
1700297579130 0.23180179297924042 11899
1700297581611 0.18749426305294037 11999
1700297584086 0.18842938542366028 12099
1700297586562 0.20684173703193665 12199
1700297589156 0.15271592140197754 12299
1700297591840 0.16148442029953003 12399
1700297594325 0.2108197957277298 12499
1700297596841 0.11638607829809189 12599
1700297599354 0.19642490148544312 12699
1700297601878 0.17543189227581024 12799
1700297604348 0.27887868881225586 12899
1700297606801 0.22209759056568146 12999
1700297609581 0.20177990198135376 13099
1700297612101 0.1610228717327118 13199
1700297614577 0.21546044945716858 13299
1700297617273 0.1572401523590088 13399
1700297619855 0.18585672974586487 13499
1700297622384 0.26586875319480896 13599
1700297624877 0.21248576045036316 13699
1700297627371 0.23008421063423157 13799
1700297630007 0.1829788088798523 13899
1700297632504 0.20396126806735992 13999
1700297634989 0.25950342416763306 14099
1700297637453 0.17661720514297485 14199
1700297639953 0.19307062029838562 14299
1700297642455 0.220430389046669 14399
1700297644943 0.2149256318807602 14499
1700297647424 0.23681412637233734 14599
1700297649899 0.2601727247238159 14699
1700297652575 0.23311050236225128 14799
1700297655064 0.16911841928958893 14899
1700297657564 0.13487423956394196 14999
1700297660125 0.1849687397480011 15099
1700297662767 0.12701267004013062 15199
1700297665194 0.15553417801856995 15299
1700297667704 0.16606657207012177 15399
1700297670250 0.20692069828510284 15499
1700297672838 0.2595016062259674 15599
1700297675353 0.19319796562194824 15699
1700297678052 0.20280447602272034 15799
1700297680588 0.1454714834690094 15899
1700297683281 0.15365077555179596 15999
1700297685830 0.21918688714504242 16099
1700297688555 0.22002056241035461 16199
1700297691027 0.16004951298236847 16299
1700297693721 0.17687273025512695 16399
1700297696239 0.2073908895254135 16499
1700297698734 0.2326776534318924 16599
1700297701300 0.19496673345565796 16699
1700297703820 0.21996669471263885 16799
1700297706369 0.31412988901138306 16899
1700297709076 0.17605048418045044 16999
1700297711827 0.30650296807289124 17099
1700297714440 0.23789630830287933 17199
1700297717085 0.22566363215446472 17299
1700297719650 0.18745000660419464 17399
1700297722190 0.20994342863559723 17499
1700297724887 0.23793558776378632 17599
1700297727459 0.12368214130401611 17699
1700297729967 0.22526612877845764 17799
1700297732550 0.17035479843616486 17899
1700297735095 0.20305027067661285 17999
1700297737616 0.2113734930753708 18099
1700297740141 0.21773232519626617 18199
1700297742657 0.1983628273010254 18299
1700297745160 0.21996824443340302 18399
1700297747810 0.2347487062215805 18499
1700297750554 0.1934499442577362 18599
1700297753136 0.20928138494491577 18699
1700297755784 0.21489818394184113 18799
1700297758345 0.21971645951271057 18899
1700297760932 0.144025057554245 18999
1700297763569 0.17589861154556274 19099
1700297766130 0.1948087066411972 19199
1700297768615 0.27865466475486755 19299
1700297771206 0.1631733924150467 19399
1700297773765 0.16796712577342987 19499
1700297776346 0.22097334265708923 19599
1700297779058 0.1749420315027237 19699
1700297781927 0.17521098256111145 19799
1700297784451 0.2609599232673645 19899
1700297787009 0.21823197603225708 19999
1700297789691 0.13770471513271332 20099
1700297792301 0.1542513519525528 20199
1700297794853 0.12031438201665878 20299
1700297797404 0.2418794482946396 20399
1700297800188 0.16421467065811157 20499
1700297802784 0.22751151025295258 20599
1700297805310 0.22310331463813782 20699
1700297807862 0.23733174800872803 20799
1700297810553 0.1336706429719925 20899
1700297813289 0.24900691211223602 20999
1700297816068 0.23511463403701782 21099
1700297818613 0.18617844581604004 21199
1700297821358 0.230305016040802 21299
1700297823983 0.22838185727596283 21399
1700297826546 0.1545725166797638 21499
1700297829124 0.1269795000553131 21599
1700297831815 0.15590795874595642 21699
1700297834354 0.193893164396286 21799
1700297836923 0.1888638436794281 21899
1700297839509 0.20962221920490265 21999
1700297842438 0.2153099775314331 22099
1700297845092 0.23486949503421783 22199
1700297847665 0.10690803080797195 22299
1700297850201 0.21480652689933777 22399
1700297852911 0.17157714068889618 22499
1700297855644 0.19542884826660156 22599
1700297858120 0.1295592337846756 22699
1700297860880 0.15618641674518585 22799
1700297863479 0.19104552268981934 22899
1700297866034 0.18324416875839233 22999
1700297868565 0.17460784316062927 23099
1700297871118 0.16209451854228973 23199
1700297873649 0.24724175035953522 23299
1700297876588 0.17056995630264282 23399
1700297879168 0.1748962551355362 23499
1700297881674 0.1706097573041916 23599
1700297884409 0.1473354697227478 23699
1700297886938 0.14347845315933228 23799
1700297889436 0.1301911473274231 23899
1700297892067 0.18319173157215118 23999
1700297894603 0.2100857049226761 24099
1700297897109 0.15204976499080658 24199
1700297899659 0.20807896554470062 24299
1700297902259 0.2509288191795349 24399
1700297904790 0.17750459909439087 24499
1700297907484 0.17462237179279327 24599
1700297910100 0.16215790808200836 24699
1700297912666 0.1788042187690735 24799
1700297915666 0.22376297414302826 24899
1700297918269 0.26286056637763977 24999
1700297920826 0.1754884570837021 25099
1700297923370 0.19220224022865295 25199
1700297925931 0.15138252079486847 25299
1700297928467 0.18414151668548584 25399
1700297930986 0.15107908844947815 25499
1700297933547 0.19410847127437592 25599
1700297936057 0.23600900173187256 25699
1700297938733 0.16801531612873077 25799
1700297941465 0.2376529723405838 25899
1700297944013 0.2195780873298645 25999
1700297946954 0.20926250517368317 26099
1700297949505 0.15629053115844727 26199
1700297952073 0.22047388553619385 26299
1700297954601 0.17075875401496887 26399
1700297957112 0.20616675913333893 26499
1700297959633 0.13129356503486633 26599
1700297962219 0.17059369385242462 26699
1700297964984 0.22947202622890472 26799
1700297967519 0.18451927602291107 26899
1700297970087 0.16087740659713745 26999
1700297972882 0.16775353252887726 27099
1700297975474 0.17593170702457428 27199
1700297978136 0.14646053314208984 27299
1700297980987 0.2710162401199341 27399
1700297983516 0.14387845993041992 27499
1700297986034 0.15833106637001038 27599
1700297988544 0.10211709141731262 27699
1700297991039 0.2210066318511963 27799
1700297993615 0.09724051505327225 27899
1700297996191 0.20087981224060059 27999
1700297998715 0.2422504872083664 28099
1700298001271 0.17138871550559998 28199
1700298004022 0.16094841063022614 28299
1700298006855 0.1586720049381256 28399
1700298009369 0.24149425327777863 28499
1700298012150 0.19628532230854034 28599
1700298014712 0.1442149579524994 28699
1700298017279 0.2141231894493103 28799
1700298020067 0.1522216945886612 28899
1700298022759 0.24941465258598328 28999
1700298025534 0.24511556327342987 29099
1700298028099 0.15890298783779144 29199
1700298030648 0.17170503735542297 29299
1700298033243 0.17544694244861603 29399
1700298035969 0.29117751121520996 29499
1700298038753 0.1310192197561264 29599
1700298041610 0.19455769658088684 29699
1700298044231 0.21326470375061035 29799
1700298046725 0.19238775968551636 29899
1700298049204 0.18424385786056519 29999
1700298051721 0.21807041764259338 30099
1700298054288 0.19596321880817413 30199
1700298056866 0.257123738527298 30299
1700298059405 0.19539299607276917 30399
1700298061978 0.21254809200763702 30499
1700298064512 0.1411726027727127 30599
1700298067116 0.19268526136875153 30699
1700298069888 0.22761793434619904 30799
1700298072500 0.2276216596364975 30899
1700298075190 0.22044262290000916 30999
1700298077730 0.20500467717647552 31099
1700298080476 0.216756671667099 31199
1700298083076 0.17503415048122406 31299
1700298085657 0.16082613170146942 31399
1700298088205 0.1927395761013031 31499
1700298090727 0.1888875961303711 31599
1700298093307 0.15567876398563385 31699
1700298095868 0.17619092762470245 31799
1700298098440 0.15043671429157257 31899
1700298101136 0.18824751675128937 31999
1700298103873 0.17868828773498535 32099
1700298106548 0.12382393330335617 32199
1700298109109 0.22116108238697052 32299
1700298111929 0.2565946877002716 32399
1700298114479 0.1803705245256424 32499
1700298117060 0.1885886937379837 32599
1700298119625 0.2148338258266449 32699
1700298122187 0.29652801156044006 32799
1700298124759 0.10897588729858398 32899
1700298127306 0.18780304491519928 32999
1700298130161 0.2248624712228775 33099
1700298132699 0.17251701653003693 33199
1700298135495 0.19585153460502625 33299
1700298138191 0.1584262102842331 33399
1700298140708 0.1726478487253189 33499
1700298143263 0.17071528732776642 33599
1700298145979 0.14463697373867035 33699
1700298148524 0.18981903791427612 33799
1700298151082 0.21597920358181 33899
1700298153631 0.1837891787290573 33999
1700298156159 0.15641579031944275 34099
1700298158686 0.22097118198871613 34199
1700298161255 0.17572546005249023 34299
1700298163835 0.16920815408229828 34399
1700298166476 0.18095476925373077 34499
1700298169414 0.1843091994524002 34599
1700298172237 0.15818080306053162 34699
1700298174770 0.12578821182250977 34799
1700298177322 0.19184598326683044 34899
1700298179875 0.2015121728181839 34999
1700298182471 0.2418270856142044 35099
1700298185257 0.23054516315460205 35199
1700298187857 0.24103255569934845 35299
1700298190639 0.22910583019256592 35399
1700298193264 0.13433262705802917 35499
1700298195939 0.14294524490833282 35599
1700298198477 0.1534184217453003 35699
1700298201634 0.2158430814743042 35799
1700298204238 0.1869860291481018 35899
1700298207046 0.2104082554578781 35999
1700298209530 0.20591655373573303 36099
1700298212038 0.25326007604599 36199
1700298214551 0.1772896945476532 36299
1700298217036 0.22644385695457458 36399
1700298219570 0.18119342625141144 36499
1700298222176 0.16706861555576324 36599
1700298224730 0.1847885400056839 36699
1700298227284 0.2000906765460968 36799
1700298229833 0.21006657183170319 36899
1700298232581 0.21304045617580414 36999
1700298235489 0.23649698495864868 37099
1700298238078 0.15941902995109558 37199
1700298240664 0.14605064690113068 37299
1700298243332 0.17636553943157196 37399
1700298246172 0.20234067738056183 37499
1700298248683 0.23189577460289001 37599
1700298251304 0.23026031255722046 37699
1700298253878 0.14668986201286316 37799
1700298256414 0.15519872307777405 37899
1700298258988 0.14594681560993195 37999
1700298261609 0.24891074001789093 38099
1700298264242 0.15582981705665588 38199
1700298267149 0.18499445915222168 38299
1700298269838 0.2029721885919571 38399
1700298272430 0.19093875586986542 38499
1700298275015 0.15192893147468567 38599
1700298277832 0.31715014576911926 38699
1700298280422 0.13839969038963318 38799
1700298283079 0.2051551640033722 38899
1700298285638 0.231169655919075 38999
1700298288207 0.18559786677360535 39099
1700298290794 0.1402156502008438 39199
1700298293365 0.17766404151916504 39299
1700298296213 0.14320391416549683 39399
1700298298996 0.1862652599811554 39499
1700298301822 0.16064664721488953 39599
1700298304383 0.11309738457202911 39699
1700298306979 0.14267660677433014 39799
1700298309555 0.19263388216495514 39899
1700298312356 0.1670697182416916 39999
1700298314952 0.16107138991355896 40099
1700298317479 0.1465463936328888 40199
1700298320111 0.18164671957492828 40299
1700298322756 0.2130599021911621 40399
1700298325297 0.17228515446186066 40499
1700298327917 0.16184143722057343 40599
1700298330612 0.22366274893283844 40699
1700298333387 0.31700342893600464 40799
1700298336072 0.16319747269153595 40899
1700298338658 0.16562911868095398 40999
1700298341272 0.19984479248523712 41099
1700298344155 0.23184886574745178 41199
1700298346714 0.21458700299263 41299
1700298349289 0.2098575085401535 41399
1700298352080 0.25033271312713623 41499
1700298354630 0.189422607421875 41599
1700298357444 0.2627093493938446 41699
1700298360032 0.17498083412647247 41799
1700298362686 0.158908873796463 41899
1700298365253 0.21968917548656464 41999
1700298368058 0.2093762904405594 42099
1700298370590 0.22568145394325256 42199
1700298373193 0.21246212720870972 42299
1700298375848 0.25747063755989075 42399
1700298378398 0.19783422350883484 42499
1700298380970 0.14328829944133759 42599
1700298383625 0.21774357557296753 42699
1700298386182 0.13264909386634827 42799
1700298388750 0.22876998782157898 42899
1700298391326 0.19501763582229614 42999
1700298394092 0.20079384744167328 43099
1700298396700 0.15177203714847565 43199
1700298399539 0.1997147500514984 43299
1700298402328 0.15509721636772156 43399
1700298405173 0.1688193827867508 43499
1700298408094 0.15048378705978394 43599
1700298410681 0.23756752908229828 43699
1700298413479 0.177939772605896 43799
1700298416135 0.15424275398254395 43899
1700298418783 0.12676948308944702 43999
1700298421487 0.1136663630604744 44099
1700298424288 0.17879174649715424 44199
1700298427039 0.1975252330303192 44299
1700298429680 0.09588950127363205 44399
1700298432735 0.09422565251588821 44499
1700298435764 0.1262882649898529 44599
1700298438562 0.12834098935127258 44699
1700298441420 0.1181519478559494 44799
1700298444021 0.18211720883846283 44899
1700298446643 0.12800350785255432 44999
1700298449182 0.13120149075984955 45099
1700298451815 0.14904694259166718 45199
1700298454400 0.14686867594718933 45299
1700298457116 0.15674403309822083 45399
1700298459719 0.18703240156173706 45499
1700298462319 0.12305230647325516 45599
1700298465204 0.16770610213279724 45699
1700298468045 0.18375401198863983 45799
1700298470904 0.13481295108795166 45899
1700298473551 0.14461860060691833 45999
1700298476196 0.12878276407718658 46099
1700298478746 0.2557513117790222 46199
1700298481318 0.17432814836502075 46299
1700298483907 0.18707053363323212 46399
1700298486475 0.21788443624973297 46499
1700298489213 0.20918001234531403 46599
1700298492039 0.17368391156196594 46699
1700298494667 0.18113677203655243 46799
1700298497300 0.1852988451719284 46899
1700298500249 0.15781249105930328 46999
1700298503135 0.16998915374279022 47099
1700298505726 0.1635710597038269 47199
1700298508282 0.16063246130943298 47299
1700298510881 0.12945105135440826 47399
1700298513470 0.12996146082878113 47499
1700298516013 0.1448483169078827 47599
1700298518546 0.17927142977714539 47699
1700298521322 0.1983531266450882 47799
1700298523903 0.13001102209091187 47899
1700298526786 0.20066165924072266 47999
1700298529351 0.14245910942554474 48099
1700298531931 0.1212528645992279 48199
1700298534730 0.12531061470508575 48299
1700298537436 0.1790262758731842 48399
1700298539999 0.20258425176143646 48499
1700298542608 0.19769835472106934 48599
1700298545165 0.12547358870506287 48699
1700298547745 0.21585360169410706 48799
1700298550287 0.1618843972682953 48899
1700298553049 0.20299676060676575 48999
1700298555652 0.12841825187206268 49099
1700298558307 0.10290525108575821 49199
1700298560945 0.20161129534244537 49299
1700298563642 0.19430214166641235 49399
1700298566257 0.12149983644485474 49499
1700298569147 0.18124350905418396 49599
1700298571885 0.17391671240329742 49699
1700298574508 0.18996146321296692 49799
1700298577278 0.199953094124794 49899
1700298579803 0.13926425576210022 49999
1700298582392 0.15100887417793274 50099
1700298585060 0.16961254179477692 50199
1700298587597 0.19475150108337402 50299
1700298590249 0.15733197331428528 50399
1700298592893 0.10420973598957062 50499
1700298595469 0.14684495329856873 50599
1700298598303 0.13494335114955902 50699
1700298601015 0.15173669159412384 50799
1700298603919 0.19839045405387878 50899
1700298606742 0.1879957765340805 50999
1700298609334 0.15029676258563995 51099
1700298611926 0.204092875123024 51199
1700298614639 0.08895018696784973 51299
1700298617278 0.20921537280082703 51399
1700298619907 0.11511251330375671 51499
1700298622543 0.18101924657821655 51599
1700298625114 0.25810012221336365 51699
1700298627677 0.2867724597454071 51799
1700298630252 0.2205299586057663 51899
1700298632840 0.14588014781475067 51999
1700298635855 0.22473563253879547 52099
1700298638823 0.1413593292236328 52199
1700298641486 0.17872852087020874 52299
1700298644089 0.21563197672367096 52399
1700298646761 0.1869501769542694 52499
1700298649352 0.1687285453081131 52599
1700298652065 0.19051216542720795 52699
1700298654740 0.131922647356987 52799
1700298657372 0.1549622267484665 52899
1700298660159 0.15432141721248627 52999
1700298662735 0.10514596104621887 53099
1700298665337 0.11979737877845764 53199
1700298668204 0.25295695662498474 53299
1700298671041 0.1728658378124237 53399
1700298673658 0.12981684505939484 53499
1700298676282 0.1972547024488449 53599
1700298679013 0.153272345662117 53699
1700298681655 0.22023612260818481 53799
1700298684259 0.12551307678222656 53899
1700298686822 0.2233412265777588 53999
1700298689385 0.19832749664783478 54099
1700298691989 0.2760831415653229 54199
1700298694548 0.18771910667419434 54299
1700298697305 0.15418392419815063 54399
1700298699885 0.15988986194133759 54499
1700298702622 0.22670245170593262 54599
1700298705496 0.08510873466730118 54699
1700298708088 0.12155672162771225 54799
1700298710884 0.12020254880189896 54899
1700298713542 0.20334245264530182 54999
1700298716124 0.13172081112861633 55099
1700298718687 0.1502942144870758 55199
1700298721340 0.15314970910549164 55299
1700298723940 0.1232045441865921 55399
1700298726522 0.12308301031589508 55499
1700298729152 0.19948291778564453 55599
1700298731838 0.07208207994699478 55699
1700298734487 0.16756464540958405 55799
1700298737307 0.125235453248024 55899
1700298740194 0.1442159116268158 55999
1700298743037 0.2109839916229248 56099
1700298745901 0.2013419270515442 56199
1700298748517 0.14155995845794678 56299
1700298751124 0.12245319038629532 56399
1700298753707 0.17490002512931824 56499
1700298756303 0.2697460353374481 56599
1700298758907 0.15907013416290283 56699
1700298761502 0.1311241090297699 56799
1700298764119 0.14089682698249817 56899
1700298766943 0.11479172855615616 56999
1700298769529 0.20913606882095337 57099
1700298772475 0.1798413097858429 57199
1700298775730 0.11337710916996002 57299
1700298778347 0.15031319856643677 57399
1700298780950 0.09547576308250427 57499
1700298783609 0.15347695350646973 57599
1700298786181 0.13040751218795776 57699
1700298788774 0.15408842265605927 57799
1700298791400 0.10063400864601135 57899
1700298794009 0.1557052582502365 57999
1700298796606 0.119329534471035 58099
1700298799196 0.13100288808345795 58199
1700298801904 0.23331773281097412 58299
1700298804839 0.17178024351596832 58399
1700298808173 0.21232841908931732 58499
1700298810817 0.1405155211687088 58599
1700298813442 0.17930646240711212 58699
1700298816029 0.16150856018066406 58799
1700298818592 0.09968151152133942 58899
1700298821258 0.13456431031227112 58999
1700298823836 0.16863395273685455 59099
1700298826413 0.17012573778629303 59199
1700298829232 0.14804384112358093 59299
1700298831842 0.2775040566921234 59399
1700298834455 0.18358100950717926 59499
1700298837343 0.12436273694038391 59599
1700298840219 0.19414490461349487 59699
1700298843155 0.2366444170475006 59799
1700298845775 0.21925215423107147 59899
1700298848363 0.15631429851055145 59999
1700298850946 0.18518449366092682 60099
1700298853595 0.1353876292705536 60199
1700298856165 0.11740470677614212 60299
1700298858728 0.15055832266807556 60399
1700298861319 0.12966017425060272 60499
1700298863921 0.11210956424474716 60599
1700298866735 0.13001464307308197 60699
1700298869489 0.12800385057926178 60799
1700298872097 0.24851420521736145 60899
1700298874888 0.23368674516677856 60999
1700298877697 0.260414183139801 61099
1700298880258 0.1032804548740387 61199
1700298882852 0.15394125878810883 61299
1700298885400 0.1724548190832138 61399
1700298887940 0.1339883804321289 61499
1700298890468 0.20633390545845032 61599
1700298893069 0.1447930932044983 61699
1700298895709 0.1727692037820816 61799
1700298898312 0.18038199841976166 61899
1700298901011 0.17979669570922852 61999
1700298903767 0.19345791637897491 62099
1700298906420 0.11284889280796051 62199
