1700573203733 4.135610580444336 99
1700573208059 3.5202953815460205 199
1700573212495 3.1309406757354736 299
1700573216756 3.3482601642608643 399
1700573221311 3.156039237976074 499
1700573225497 2.9030206203460693 599
1700573229916 3.2515203952789307 699
1700573234271 3.003849744796753 799
1700573238470 2.950803756713867 899
1700573242710 2.9023778438568115 999
1700573247025 3.011383533477783 1099
1700573251448 3.0085344314575195 1199
1700573255920 3.077178478240967 1299
1700573261366 2.5482301712036133 1399
1700573265584 2.9166436195373535 1499
1700573269834 2.5683512687683105 1599
1700573274054 2.6827714443206787 1699
1700573278292 2.911287307739258 1799
1700573282538 3.0087971687316895 1899
1700573287027 2.831766366958618 1999
1700573291469 2.723614454269409 2099
1700573295625 3.0374889373779297 2199
1700573299830 2.746884346008301 2299
1700573303992 3.0260748863220215 2399
1700573308207 2.7312653064727783 2499
1700573312377 2.718245267868042 2599
1700573316858 2.869811773300171 2699
1700573321245 2.6793551445007324 2799
1700573325456 2.7379918098449707 2899
1700573329663 2.4743783473968506 2999
1700573333850 2.4460413455963135 3099
1700573338113 2.7585980892181396 3199
1700573342301 2.778986692428589 3299
1700573346738 2.3158557415008545 3399
1700573351065 2.8334388732910156 3499
1700573355479 2.7698469161987305 3599
1700573359684 2.775015354156494 3699
1700573363860 2.435664415359497 3799
1700573368028 2.2861576080322266 3899
1700573372296 2.2352609634399414 3999
1700573376444 2.533389091491699 4099
1700573380987 2.138650417327881 4199
1700573385418 2.246861219406128 4299
1700573389684 2.5916621685028076 4399
1700573393838 2.737185001373291 4499
1700573397981 2.483145236968994 4599
1700573402236 2.3772194385528564 4699
1700573406369 2.9585278034210205 4799
1700573410879 2.607813596725464 4899
1700573415064 2.973578453063965 4999
1700573419484 2.531949520111084 5099
1700573423612 2.653597354888916 5199
1700573427756 2.637655735015869 5299
1700573431985 2.5782763957977295 5399
1700573436190 2.776657819747925 5499
1700573440418 2.637277841567993 5599
1700573444957 2.3976731300354004 5699
1700573449492 2.6400084495544434 5799
1700573453608 2.8535172939300537 5899
1700573457772 2.3213050365448 5999
1700573462043 2.1742074489593506 6099
1700573466171 2.4611637592315674 6199
1700573470347 2.3087103366851807 6299
1700573474929 2.5788509845733643 6399
1700573479233 2.4592530727386475 6499
1700573483627 2.683427333831787 6599
1700573487837 2.3331990242004395 6699
1700573492117 2.4786951541900635 6799
1700573496259 2.791379690170288 6899
1700573500422 2.624732255935669 6999
1700573504604 2.6496875286102295 7099
1700573509158 2.769388198852539 7199
1700573513643 2.6062631607055664 7299
1700573517850 2.3668036460876465 7399
1700573522087 2.638282060623169 7499
1700573526243 2.9257590770721436 7599
1700573530462 2.7244033813476562 7699
1700573534612 2.9036872386932373 7799
1700573539227 2.028303384780884 7899
1700573543708 2.584075689315796 7999
1700573547968 2.3669283390045166 8099
1700573552267 2.4134206771850586 8199
1700573556447 2.7689430713653564 8299
1700573560664 2.4601879119873047 8399
1700573564829 2.375666618347168 8499
1700573569363 2.7697832584381104 8599
1700573573550 2.7872395515441895 8699
1700573578575 2.5729146003723145 8799
1700573583056 2.6666624546051025 8899
1700573587297 2.5014681816101074 8999
1700573591612 2.4685068130493164 9099
1700573595892 2.64180850982666 9199
1700573600259 3.092940092086792 9299
1700573604574 3.2462520599365234 9399
1700573609169 3.0689313411712646 9499
1700573613391 2.6374189853668213 9599
1700573617633 2.8423590660095215 9699
1700573621847 3.0163421630859375 9799
1700573625998 2.8658010959625244 9899
1700573630265 3.4116275310516357 9999
1700573634758 3.1055960655212402 10099
1700573639165 2.855680227279663 10199
1700573643741 2.3976151943206787 10299
1700573647955 2.8423421382904053 10399
1700573652187 2.8027396202087402 10499
1700573656374 2.511604070663452 10599
1700573660624 2.883951187133789 10699
1700573665164 2.6188225746154785 10799
1700573669383 2.7366411685943604 10899
1700573673980 2.830098867416382 10999
1700573678184 2.6669962406158447 11099
1700573682415 2.7907447814941406 11199
1700573686622 2.835015296936035 11299
1700573690870 2.6318206787109375 11399
1700573695207 2.7753753662109375 11499
1700573699656 2.586355447769165 11599
1700573703930 2.665151357650757 11699
1700573708541 2.7622838020324707 11799
1700573712800 2.6934525966644287 11899
1700573716962 2.7866992950439453 11999
1700573721198 2.8655524253845215 12099
1700573725357 2.8588154315948486 12199
1700573729925 2.814767837524414 12299
1700573734137 3.0550758838653564 12399
1700573738892 3.1583943367004395 12499
1700573743181 2.7866928577423096 12599
1700573747352 3.0501255989074707 12699
1700573751615 2.8081209659576416 12799
1700573755877 2.9926910400390625 12899
1700573760517 2.5305521488189697 12999
1700573764728 2.6076197624206543 13099
1700573769117 2.852808713912964 13199
1700573773656 2.9454588890075684 13299
1700573777953 2.5508668422698975 13399
1700573782172 2.8789076805114746 13499
1700573786323 2.8702895641326904 13599
1700573790750 2.663691520690918 13699
1700573795142 2.4954512119293213 13799
1700573799462 2.8217720985412598 13899
1700573804088 2.8212997913360596 13999
1700573808309 2.9844810962677 14099
1700573812563 2.831109046936035 14199
1700573816742 3.2734391689300537 14299
1700573820944 3.0587074756622314 14399
1700573825448 2.740370273590088 14499
1700573829722 2.817091703414917 14599
1700573833929 3.0686256885528564 14699
1700573838700 3.139517307281494 14799
1700573842916 3.2031142711639404 14899
1700573847129 2.985734224319458 14999
1700573851340 2.994296073913574 15099
1700573855858 2.9605443477630615 15199
1700573860148 2.753838300704956 15299
1700573864315 2.648922920227051 15399
1700573868777 3.1324703693389893 15499
1700573873156 3.216975212097168 15599
1700573877336 2.650249719619751 15699
1700573881531 2.5466716289520264 15799
1700573885921 2.369183301925659 15899
1700573890398 2.4315531253814697 15999
1700573894945 2.6249303817749023 16099
1700573899429 2.9952292442321777 16199
1700573904316 3.0062897205352783 16299
1700573908491 3.0776777267456055 16399
1700573912750 2.91158390045166 16499
1700573917054 2.597788095474243 16599
1700573921584 2.7022271156311035 16699
1700573925750 2.7767019271850586 16799
1700573930024 2.84948992729187 16899
1700573934613 2.906914472579956 16999
1700573939136 2.801201105117798 17099
1700573943320 2.636255979537964 17199
1700573947645 2.9133801460266113 17299
1700573952275 2.9967706203460693 17399
1700573956448 3.2029943466186523 17499
1700573960703 3.047210693359375 17599
1700573964865 3.684248924255371 17699
1700573969608 3.1926321983337402 17799
1700573973784 2.782456874847412 17899
1700573977978 2.716935157775879 17999
1700573982549 2.74538254737854 18099
1700573986716 2.724982976913452 18199
1700573990954 2.713914632797241 18299
1700573995174 2.7915947437286377 18399
1700573999580 2.5672872066497803 18499
1700574004416 2.663094997406006 18599
1700574008656 2.8508710861206055 18699
1700574013228 2.644057035446167 18799
1700574017841 2.2520530223846436 18899
1700574022201 2.6284892559051514 18999
1700574026482 2.641261577606201 19099
1700574030793 2.424938917160034 19199
1700574035531 2.7791390419006348 19299
1700574040084 2.933297872543335 19399
1700574044653 2.6487817764282227 19499
1700574049344 2.816331386566162 19599
1700574053555 2.4574854373931885 19699
1700574057869 2.645824670791626 19799
1700574062258 2.7667315006256104 19899
1700574066718 3.1263504028320312 19999
1700574071536 2.6792118549346924 20099
1700574075823 2.8372082710266113 20199
1700574080470 2.8520750999450684 20299
1700574084726 2.8370723724365234 20399
1700574089068 2.8672268390655518 20499
1700574093327 2.6903655529022217 20599
1700574097592 2.1838297843933105 20699
1700574102473 2.6090593338012695 20799
1700574106972 2.9063737392425537 20899
1700574111639 2.8062543869018555 20999
1700574115819 2.5077104568481445 21099
1700574120094 2.550996780395508 21199
1700574124326 2.4019174575805664 21299
1700574128591 2.6078591346740723 21399
1700574132834 2.738673448562622 21499
1700574137689 2.4238200187683105 21599
1700574142275 2.410308361053467 21699
1700574146497 2.299103260040283 21799
1700574150774 2.6196377277374268 21899
1700574155035 2.6383912563323975 21999
1700574159300 2.6478664875030518 22099
1700574163571 2.820573329925537 22199
1700574168034 2.8593809604644775 22299
1700574173046 2.7104098796844482 22399
1700574177270 3.1485233306884766 22499
1700574181502 3.1209499835968018 22599
1700574185696 3.0086798667907715 22699
1700574189911 3.0183823108673096 22799
1700574194097 3.027724027633667 22899
1700574198271 2.86965012550354 22999
1700574203155 2.601062536239624 23099
1700574207818 2.677337646484375 23199
1700574212027 3.0647268295288086 23299
1700574216211 2.79936146736145 23399
1700574220442 2.728534460067749 23499
1700574225303 2.6533522605895996 23599
1700574229561 2.7023019790649414 23699
1700574233718 2.7040975093841553 23799
1700574239137 2.6036534309387207 23899
1700574243385 2.597684621810913 23999
1700574247564 2.4838955402374268 24099
1700574251828 2.2302517890930176 24199
1700574256130 2.6565396785736084 24299
1700574260374 2.6461849212646484 24399
1700574264562 2.3761415481567383 24499
1700574269274 2.8196730613708496 24599
1700574274066 2.9994618892669678 24699
1700574278260 2.8169662952423096 24799
1700574282495 2.4631168842315674 24899
1700574286756 2.8918824195861816 24999
1700574291011 2.8387420177459717 25099
1700574295254 2.5682601928710938 25199
1700574299891 2.5968708992004395 25299
1700574304478 2.766608953475952 25399
1700574309128 3.3017454147338867 25499
1700574313318 2.9946186542510986 25599
1700574317548 3.213229179382324 25699
1700574321799 2.899397373199463 25799
1700574326076 2.792131185531616 25899
1700574330538 2.8949484825134277 25999
1700574334897 2.57509708404541 26099
1700574339715 2.6151621341705322 26199
1700574344117 2.703831195831299 26299
1700574348373 2.997727394104004 26399
1700574352623 3.170468330383301 26499
1700574356914 2.7623541355133057 26599
1700574361165 2.7714691162109375 26699
1700574365711 2.9089410305023193 26799
1700574370025 2.586426258087158 26899
1700574375058 2.564495325088501 26999
1700574379389 2.555758237838745 27099
1700574383623 2.816375494003296 27199
1700574387812 2.5374653339385986 27299
1700574392073 3.4850339889526367 27399
1700574396647 3.2705447673797607 27499
1700574400926 3.120882987976074 27599
1700574405235 2.8427035808563232 27699
1700574410446 3.0795111656188965 27799
1700574414678 3.5225541591644287 27899
1700574419029 3.188412666320801 27999
1700574423272 2.7960867881774902 28099
1700574427808 2.6207656860351562 28199
1700574432024 2.73064923286438 28299
1700574436218 2.3654468059539795 28399
1700574440729 2.6975724697113037 28499
1700574445537 2.8796274662017822 28599
1700574449783 2.6240222454071045 28699
1700574453980 2.611520767211914 28799
1700574458605 2.5692708492279053 28899
1700574462852 2.981987953186035 28999
1700574467076 2.533661127090454 29099
1700574471345 3.0852115154266357 29199
1700574476057 2.872192144393921 29299
1700574480746 3.0681381225585938 29399
1700574485012 3.1562609672546387 29499
1700574489642 2.988065242767334 29599
1700574493902 3.20072865486145 29699
1700574498200 2.993311882019043 29799
1700574502416 3.0839896202087402 29899
1700574506691 2.934236526489258 29999
1700574511714 2.7869479656219482 30099
1700574516155 2.531123638153076 30199
1700574520618 2.689303398132324 30299
1700574525018 2.719860553741455 30399
1700574529325 3.1059751510620117 30499
1700574533555 3.117088794708252 30599
1700574537780 2.6047651767730713 30699
1700574541977 2.597180128097534 30799
1700574546989 2.716247320175171 30899
1700574552026 2.2779152393341064 30999
1700574556543 2.9921553134918213 31099
1700574560944 2.6892058849334717 31199
1700574565296 2.6950619220733643 31299
1700574569643 3.260633945465088 31399
1700574573914 3.1128158569335938 31499
1700574578390 2.61281156539917 31599
1700574583410 3.312746286392212 31699
1700574587998 3.0255014896392822 31799
1700574592321 3.1099181175231934 31899
1700574596601 2.725407123565674 31999
1700574600911 2.604006767272949 32099
1700574605157 2.770673990249634 32199
1700574609479 2.7925326824188232 32299
1700574614259 2.5689187049865723 32399
1700574619617 2.778289556503296 32499
1700574623983 2.5805554389953613 32599
1700574628309 2.3958089351654053 32699
1700574632609 2.5495104789733887 32799
1700574636912 2.7002713680267334 32899
1700574641283 2.3943278789520264 32999
1700574645601 2.8494832515716553 33099
1700574651167 3.047485113143921 33199
1700574655590 3.1435160636901855 33299
1700574659887 3.1745665073394775 33399
1700574664223 3.2150354385375977 33499
1700574668515 3.1731395721435547 33599
1700574672816 2.8551175594329834 33699
1700574677094 2.759068012237549 33799
1700574681824 2.9819042682647705 33899
1700574686882 3.116724729537964 33999
1700574691368 2.637357234954834 34099
1700574695608 3.1993751525878906 34199
1700574699931 3.1607255935668945 34299
1700574704216 2.995697021484375 34399
1700574708493 2.5462493896484375 34499
1700574713191 2.8019134998321533 34599
1700574717495 2.661618232727051 34699
1700574722815 2.4537851810455322 34799
1700574727117 2.479578733444214 34899
1700574731478 2.860520839691162 34999
1700574735786 3.4946627616882324 35099
1700574740115 2.8348276615142822 35199
1700574744717 2.813242197036743 35299
1700574749031 2.8309319019317627 35399
1700574753455 2.9071547985076904 35499
1700574758574 2.7428829669952393 35599
1700574762833 2.9275925159454346 35699
1700574767142 2.4583680629730225 35799
1700574771502 2.717339277267456 35899
1700574776074 2.835022211074829 35999
1700574780371 2.4012694358825684 36099
1700574784636 2.8674545288085938 36199
1700574789228 2.9172704219818115 36299
1700574794215 2.978756904602051 36399
1700574798522 2.678826332092285 36499
1700574802846 2.3305368423461914 36599
1700574807545 2.6875228881835938 36699
1700574811858 2.5967910289764404 36799
1700574816134 2.475534200668335 36899
1700574820460 2.728473663330078 36999
1700574825136 3.0258452892303467 37099
1700574830105 2.7353341579437256 37199
1700574834421 2.951202392578125 37299
1700574839100 2.916611433029175 37399
1700574843351 3.1778006553649902 37499
1700574847592 2.987848997116089 37599
1700574851879 2.893284559249878 37699
1700574856148 2.719053268432617 37799
1700574860913 2.394707202911377 37899
1700574865846 2.538256883621216 37999
1700574870615 2.938157320022583 38099
1700574874895 2.3418891429901123 38199
1700574879656 2.750290632247925 38299
1700574884484 2.6956682205200195 38399
1700574888822 2.872037887573242 38499
1700574893088 2.6727535724639893 38599
1700574898196 2.695575714111328 38699
1700574903135 2.222475290298462 38799
1700574907427 2.587435245513916 38899
1700574911722 2.776414394378662 38999
1700574916011 2.6687872409820557 39099
1700574920409 2.4785118103027344 39199
1700574924750 3.24133038520813 39299
1700574929098 3.0828518867492676 39399
1700574934506 3.0145103931427 39499
1700574939182 2.8066413402557373 39599
1700574943453 2.9730606079101562 39699
1700574947743 3.167436122894287 39799
1700574952082 3.1318321228027344 39899
1700574956355 2.7547271251678467 39999
1700574960703 2.4968934059143066 40099
1700574965258 2.4763922691345215 40199
1700574970513 2.533325672149658 40299
1700574975225 3.063870429992676 40399
1700574979554 2.3257927894592285 40499
1700574983815 2.931227445602417 40599
1700574988126 3.102660894393921 40699
1700574992431 3.0593578815460205 40799
1700574996938 2.332230567932129 40899
1700575001369 2.4304423332214355 40999
1700575006341 2.516477108001709 41099
1700575011001 2.687490940093994 41199
1700575015267 2.6693778038024902 41299
1700575019800 3.396249532699585 41399
1700575024170 2.821556806564331 41499
1700575028780 3.0393762588500977 41599
1700575033169 2.8196794986724854 41699
1700575037482 2.842862606048584 41799
1700575042741 2.9788191318511963 41899
1700575047481 2.6436100006103516 41999
1700575051854 2.625471353530884 42099
1700575056184 2.707383632659912 42199
1700575060887 2.7471108436584473 42299
1700575065228 2.7398290634155273 42399
1700575069644 2.697401762008667 42499
1700575074000 2.304218053817749 42599
1700575079326 3.004704713821411 42699
1700575083909 2.94242262840271 42799
1700575088207 2.6545941829681396 42899
1700575092903 2.3460347652435303 42999
1700575097212 2.525367259979248 43099
1700575101588 2.152235984802246 43199
1700575105954 2.827045440673828 43299
1700575110348 2.4517910480499268 43399
1700575115619 2.3752617835998535 43499
1700575120288 2.6879024505615234 43599
1700575125046 3.1077754497528076 43699
1700575129491 3.0069777965545654 43799
1700575133832 2.7594521045684814 43899
1700575138305 2.7793991565704346 43999
1700575142684 2.8645355701446533 44099
1700575147077 2.972273826599121 44199
1700575152360 3.112250566482544 44299
1700575157259 3.087029218673706 44399
1700575161603 2.5619659423828125 44499
1700575165952 2.4726791381835938 44599
1700575170424 2.7968850135803223 44699
1700575174786 2.8355517387390137 44799
1700575179179 2.663581371307373 44899
1700575183547 2.7093989849090576 44999
1700575189317 2.696186065673828 45099
1700575193855 2.557807683944702 45199
1700575198236 2.633620500564575 45299
1700575202594 2.801079750061035 45399
1700575207007 2.4979288578033447 45499
1700575211409 3.196333885192871 45599
1700575215772 3.1426517963409424 45699
1700575221061 2.911846160888672 45799
1700575226646 2.436635971069336 45899
1700575231030 2.6746861934661865 45999
1700575235332 2.7174410820007324 46099
1700575239701 2.593928098678589 46199
1700575244028 2.5023152828216553 46299
1700575248345 2.663149833679199 46399
1700575253080 2.7729668617248535 46499
1700575257604 2.916255235671997 46599
1700575262992 2.988577365875244 46699
1700575267372 3.2212202548980713 46799
1700575271742 3.008965492248535 46899
1700575276164 2.6091644763946533 46999
1700575280570 2.9182493686676025 47099
1700575285269 2.949143171310425 47199
1700575289686 3.3095579147338867 47299
1700575294284 2.8152506351470947 47399
1700575299586 2.7100205421447754 47499
1700575304069 2.6805827617645264 47599
1700575308408 2.8280816078186035 47699
1700575312844 3.022050142288208 47799
1700575317530 2.976783514022827 47899
1700575321943 2.5862646102905273 47999
1700575326366 2.9576706886291504 48099
1700575330883 2.82369327545166 48199
1700575336217 2.7651987075805664 48299
1700575340784 3.005810022354126 48399
1700575345306 2.681338310241699 48499
1700575349915 3.1599795818328857 48599
1700575354336 2.7033610343933105 48699
1700575358782 2.7374606132507324 48799
1700575363170 2.649615526199341 48899
1700575367690 2.7608790397644043 48999
1700575373122 2.743288278579712 49099
1700575378102 2.5604841709136963 49199
1700575382551 3.225886106491089 49299
1700575386902 2.6875202655792236 49399
1700575391303 2.867182731628418 49499
1700575395711 2.808307409286499 49599
1700575400189 3.076622247695923 49699
1700575404778 3.0576441287994385 49799
1700575410517 2.8803319931030273 49899
1700575415127 2.8057034015655518 49999
1700575419544 2.5716171264648438 50099
1700575423913 2.834970712661743 50199
1700575428337 3.2948663234710693 50299
1700575432756 2.9696857929229736 50399
1700575437171 3.132887601852417 50499
1700575441927 2.472097158432007 50599
1700575446307 2.486301898956299 50699
1700575450704 2.8900985717773438 50799
1700575455140 3.022709369659424 50899
1700575459603 2.8132357597351074 50999
1700575464037 2.77345609664917 51099
1700575468443 2.4518682956695557 51199
1700575473560 2.884345531463623 51299
1700575478976 2.837043523788452 51399
1700575483490 3.0144240856170654 51499
1700575487918 2.5669949054718018 51599
1700575492302 2.6351115703582764 51699
1700575496669 3.0882749557495117 51799
1700575501078 2.677501916885376 51899
1700575505865 2.1517162322998047 51999
1700575510300 2.6720945835113525 52099
1700575514725 2.611693859100342 52199
1700575519213 3.1005375385284424 52299
1700575523600 3.258049726486206 52399
1700575528064 2.8625617027282715 52499
1700575532611 3.0030508041381836 52599
1700575537468 2.9624030590057373 52699
1700575542439 2.815159320831299 52799
1700575547668 3.02890944480896 52899
1700575552085 3.142409324645996 52999
1700575556515 3.1629743576049805 53099
1700575561448 2.890861988067627 53199
1700575566133 2.8329057693481445 53299
1700575570951 2.9845898151397705 53399
1700575575384 2.736649751663208 53499
1700575579991 2.9087955951690674 53599
1700575584576 2.8271644115448 53699
1700575589048 3.071957588195801 53799
1700575593421 2.7889013290405273 53899
1700575597907 2.9150915145874023 53999
1700575602760 2.6741740703582764 54099
1700575607335 3.0710396766662598 54199
1700575612893 3.02018666267395 54299
1700575617633 2.6201930046081543 54399
1700575622132 2.5590925216674805 54499
1700575626620 3.0792410373687744 54599
1700575631466 3.0660016536712646 54699
1700575636037 3.1082236766815186 54799
1700575640524 3.0815627574920654 54899
1700575644980 2.7130534648895264 54999
1700575649437 2.9754786491394043 55099
1700575653808 3.1036581993103027 55199
1700575658291 3.231341600418091 55299
1700575663103 3.205122470855713 55399
1700575667556 3.202118396759033 55499
1700575672025 2.9743564128875732 55599
1700575676854 2.6973471641540527 55699
1700575682294 2.5095016956329346 55799
1700575686877 2.870990514755249 55899
1700575691311 2.653151035308838 55999
1700575696158 3.0978496074676514 56099
1700575700607 2.5298540592193604 56199
1700575704993 2.6989176273345947 56299
1700575709489 2.9229464530944824 56399
1700575713885 3.174276351928711 56499
1700575718370 2.796430826187134 56599
1700575722851 2.9137351512908936 56699
1700575727666 2.3654088973999023 56799
1700575732172 3.005977153778076 56899
1700575736680 2.81664776802063 56999
1700575741151 2.7649037837982178 57099
1700575746240 3.117777109146118 57199
1700575751560 3.1427862644195557 57299
1700575755931 2.8110504150390625 57399
1700575760755 3.2883834838867188 57499
1700575765146 2.7972640991210938 57599
1700575769638 3.117309331893921 57699
1700575774110 3.1410441398620605 57799
1700575778644 3.307530164718628 57899
1700575783090 2.920478105545044 57999
1700575787578 3.0330610275268555 58099
1700575792419 2.9542760848999023 58199
1700575796856 3.065610885620117 58299
1700575801364 2.943957805633545 58399
1700575805736 2.9606270790100098 58499
1700575810245 2.760113477706909 58599
1700575815703 3.0138683319091797 58699
1700575820741 2.59153151512146 58799
1700575825472 2.831894636154175 58899
1700575829930 2.3908698558807373 58999
1700575834342 2.761162042617798 59099
1700575838869 2.558397054672241 59199
1700575843246 2.6280434131622314 59299
1700575847664 2.626251220703125 59399
1700575852303 2.8599579334259033 59499
1700575857114 2.467132568359375 59599
1700575861734 2.628840923309326 59699
1700575866199 2.759878635406494 59799
1700575870726 2.9102134704589844 59899
1700575875215 2.582836627960205 59999
1700575880104 2.6924757957458496 60099
1700575885971 2.924377202987671 60199
1700575890811 2.9051644802093506 60299
1700575895304 3.1521763801574707 60399
1700575900144 3.023494005203247 60499
1700575904860 2.7960398197174072 60599
1700575909381 2.7906553745269775 60699
1700575913813 2.28167462348938 60799
1700575918735 2.9953317642211914 60899
1700575923200 2.8998618125915527 60999
1700575927647 2.257084846496582 61099
1700575932233 2.5938806533813477 61199
1700575936759 2.7726633548736572 61299
1700575941252 2.923027276992798 61399
1700575945715 2.6303155422210693 61499
1700575951162 2.437256097793579 61599
1700575956604 2.381485939025879 61699
1700575961193 2.487213611602783 61799
1700575965627 2.8708019256591797 61899
1700575970088 2.5979809761047363 61999
1700575974484 2.1302356719970703 62099
1700575978974 2.6731998920440674 62199
