1700573276111 0.6268673539161682 99
1700573284086 0.5159675478935242 199
1700573291757 0.498340904712677 299
1700573299671 0.5209594964981079 399
1700573307424 0.5107973217964172 499
1700573315515 0.48470771312713623 599
1700573323249 0.5303623080253601 699
1700573331224 0.48526379466056824 799
1700573339033 0.4847140908241272 899
1700573347231 0.4878268837928772 999
1700573355014 0.5108047723770142 1099
1700573363052 0.517149031162262 1199
1700573370811 0.5145593881607056 1299
1700573379747 0.44370147585868835 1399
1700573387587 0.5013916492462158 1499
1700573395648 0.4521215260028839 1599
1700573403463 0.4703783392906189 1699
1700573411701 0.49546512961387634 1799
1700573419578 0.4990595281124115 1899
1700573427702 0.4677060842514038 1999
1700573435582 0.4707350432872772 2099
1700573443896 0.5143001079559326 2199
1700573451740 0.47285211086273193 2299
1700573459910 0.5164647698402405 2399
1700573467853 0.4619417190551758 2499
1700573476040 0.46306508779525757 2599
1700573483922 0.4770214259624481 2699
1700573492130 0.45790183544158936 2799
1700573500054 0.4722358286380768 2899
1700573508329 0.43549349904060364 2999
1700573516238 0.43608519434928894 3099
1700573524401 0.474179744720459 3199
1700573532426 0.4836859405040741 3299
1700573540699 0.43350866436958313 3399
1700573548620 0.47015082836151123 3499
1700573556864 0.4890928864479065 3599
1700573565062 0.47849512100219727 3699
1700573573097 0.43892982602119446 3799
1700573581011 0.4145025610923767 3899
1700573589317 0.40702345967292786 3999
1700573597628 0.451469749212265 4099
1700573605722 0.3988877236843109 4199
1700573613689 0.4124251902103424 4299
1700573622094 0.449395090341568 4399
1700573630362 0.4630661904811859 4499
1700573638360 0.4344150125980377 4599
1700573646372 0.43702933192253113 4699
1700573654657 0.4762507975101471 4799
1700573663009 0.46849891543388367 4899
1700573671008 0.4881206750869751 4999
1700573679005 0.44091498851776123 5099
1700573687527 0.45244163274765015 5199
1700573695806 0.45983055233955383 5299
1700573703929 0.45679008960723877 5399
1700573712086 0.4712653160095215 5499
1700573720300 0.46199238300323486 5599
1700573728710 0.434153288602829 5699
1700573736756 0.4550459384918213 5799
1700573744891 0.4610641300678253 5899
1700573753137 0.40684810280799866 5999
1700573761627 0.403735876083374 6099
1700573769702 0.42461106181144714 6199
1700573777865 0.41042420268058777 6299
1700573786188 0.45313331484794617 6399
1700573794663 0.43711555004119873 6499
1700573802731 0.4577241837978363 6599
1700573810918 0.4234154224395752 6699
1700573819277 0.4314624071121216 6799
1700573827748 0.47703757882118225 6899
1700573835941 0.4460369944572449 6999
1700573844423 0.45905062556266785 7099
1700573852850 0.4692780077457428 7199
1700573861104 0.443914532661438 7299
1700573869240 0.4432954788208008 7399
1700573877920 0.4576820731163025 7499
1700573886299 0.4923560619354248 7599
1700573894560 0.468129426240921 7699
1700573902696 0.48485058546066284 7799
1700573911253 0.4013301730155945 7899
1700573919854 0.45394155383110046 7999
1700573927983 0.4340561628341675 8099
1700573936224 0.4376944899559021 8199
1700573944962 0.46651339530944824 8299
1700573953491 0.43612194061279297 8399
1700573961758 0.4153819680213928 8499
1700573969898 0.4705214500427246 8599
1700573978685 0.47276386618614197 8699
1700573987328 0.45716193318367004 8799
1700573995925 0.45377448201179504 8899
1700574004090 0.44379183650016785 8999
1700574013125 0.4385131597518921 9099
1700574021397 0.45234906673431396 9199
1700574029796 0.4939098358154297 9299
1700574038056 0.526071310043335 9399
1700574047154 0.49960529804229736 9499
1700574055302 0.45001253485679626 9599
1700574063638 0.4908496141433716 9699
1700574071944 0.4923924207687378 9799
1700574080988 0.48160144686698914 9899
1700574089260 0.5302549600601196 9999
1700574097587 0.5152577757835388 10099
1700574105942 0.48053884506225586 10199
1700574115100 0.4355382025241852 10299
1700574123478 0.48265185952186584 10399
1700574131649 0.4746200442314148 10499
1700574140664 0.4598824977874756 10599
1700574149271 0.4667975604534149 10699
1700574157578 0.4412042200565338 10799
1700574165913 0.47475746273994446 10899
1700574174892 0.47039031982421875 10999
1700574183509 0.4541919529438019 11099
1700574191780 0.45819997787475586 11199
1700574200121 0.4709946811199188 11299
1700574209534 0.45413336157798767 11399
1700574217994 0.4708632230758667 11499
1700574226317 0.45818614959716797 11599
1700574234891 0.46568432450294495 11699
1700574243921 0.46890324354171753 11799
1700574252296 0.45028677582740784 11899
1700574260719 0.4654541015625 11999
1700574269599 0.4761250913143158 12099
1700574278590 0.4863142669200897 12199
1700574287081 0.4676108658313751 12299
1700574295441 0.48586753010749817 12399
1700574304176 0.519496500492096 12499
1700574313082 0.4782279133796692 12599
1700574321441 0.49186718463897705 12699
1700574329947 0.46684741973876953 12799
1700574338779 0.5020908713340759 12899
1700574347831 0.43905285000801086 12999
1700574356289 0.4466652572154999 13099
1700574365053 0.4794659912586212 13199
1700574373528 0.4723057746887207 13299
1700574382511 0.4576665759086609 13399
1700574390967 0.4819587469100952 13499
1700574399782 0.4922183156013489 13599
1700574408514 0.4593653976917267 13699
1700574417424 0.43582895398139954 13799
1700574426230 0.4634718894958496 13899
1700574434824 0.48093530535697937 13999
1700574443617 0.4974653720855713 14099
1700574452544 0.477451354265213 14199
1700574461394 0.5224648118019104 14299
1700574469825 0.5098332166671753 14399
1700574479026 0.47648030519485474 14499
1700574487555 0.4840450882911682 14599
1700574496485 0.49650171399116516 14699
1700574504962 0.5131916403770447 14799
1700574514190 0.5211054682731628 14899
1700574522990 0.4926565885543823 14999
1700574531584 0.49121853709220886 15099
1700574540101 0.4961244761943817 15199
1700574549190 0.462346613407135 15299
1700574558141 0.44624507427215576 15399
1700574566680 0.5174581408500671 15499
1700574575214 0.5260845422744751 15599
1700574584567 0.45258623361587524 15699
1700574593382 0.4350743889808655 15799
1700574602003 0.4236523509025574 15899
1700574610563 0.4274553060531616 15999
1700574620043 0.4481045603752136 16099
1700574628985 0.49515143036842346 16199
1700574638028 0.4909639358520508 16299
1700574646616 0.4947119951248169 16399
1700574656197 0.48360756039619446 16499
1700574664796 0.4373417794704437 16599
1700574673540 0.4672260284423828 16699
1700574682542 0.4714788794517517 16799
1700574691855 0.48560312390327454 16899
1700574700470 0.48432114720344543 16999
1700574708980 0.4694158434867859 17099
1700574718127 0.4633510708808899 17199
1700574727305 0.49424582719802856 17299
1700574735887 0.5041607618331909 17399
1700574744795 0.5117558836936951 17499
1700574753766 0.49782106280326843 17599
1700574762906 0.5700894594192505 17699
1700574771491 0.5108841061592102 17799
1700574780486 0.4747011661529541 17899
1700574789541 0.4496249854564667 17999
1700574798513 0.45643046498298645 18099
1700574807106 0.4524966776371002 18199
1700574816146 0.45114296674728394 18299
1700574825468 0.4691288471221924 18399
1700574834243 0.44059276580810547 18499
1700574843299 0.468246191740036 18599
1700574851889 0.4679121971130371 18699
1700574861134 0.4562779664993286 18799
1700574869740 0.4226698875427246 18899
1700574878790 0.45573723316192627 18999
1700574887498 0.45405423641204834 19099
1700574896967 0.4263709783554077 19199
1700574905976 0.4726065993309021 19299
1700574914692 0.4908045530319214 19399
1700574923334 0.44144222140312195 19499
1700574932714 0.48616668581962585 19599
1700574941754 0.4279535412788391 19699
1700574950329 0.45883631706237793 19799
1700574959087 0.47355902194976807 19899
1700574968803 0.5123363733291626 19999
1700574977621 0.4475414454936981 20099
1700574986347 0.47311800718307495 20199
1700574994982 0.4756467044353485 20299
1700575004931 0.4838082790374756 20399
1700575013463 0.47695985436439514 20499
1700575022096 0.46522629261016846 20599
1700575030800 0.40961384773254395 20699
1700575040666 0.450755774974823 20799
1700575049359 0.48862969875335693 20899
1700575058027 0.47634270787239075 20999
1700575067097 0.4347216784954071 21099
1700575076604 0.44569963216781616 21199
1700575085361 0.42516130208969116 21299
1700575094002 0.44967812299728394 21399
1700575103187 0.4691005349159241 21499
1700575112647 0.42419275641441345 21599
1700575121296 0.4173630475997925 21699
1700575130335 0.42351531982421875 21799
1700575139389 0.4492032527923584 21899
1700575148528 0.45051008462905884 21999
1700575157180 0.4578874707221985 22099
1700575166556 0.47613000869750977 22199
1700575175800 0.4813976585865021 22299
1700575184655 0.468311071395874 22399
1700575193754 0.5155456066131592 22499
1700575202369 0.5172232985496521 22599
1700575211710 0.49056971073150635 22699
1700575220630 0.4955155551433563 22799
1700575229837 0.49917954206466675 22899
1700575238555 0.4843577444553375 22999
1700575247922 0.45736584067344666 23099
1700575257249 0.46141061186790466 23199
1700575265937 0.5087645053863525 23299
1700575274632 0.46328628063201904 23399
1700575284156 0.4636329710483551 23499
1700575293563 0.4576655626296997 23599
1700575302537 0.472725510597229 23699
1700575311371 0.45515885949134827 23799
1700575321496 0.4512811601161957 23899
1700575330208 0.47108784317970276 23999
1700575338913 0.44606682658195496 24099
1700575347700 0.408025860786438 24199
1700575357651 0.45780205726623535 24299
1700575366408 0.452334463596344 24399
1700575375138 0.4412675201892853 24499
1700575384303 0.47259849309921265 24599
1700575394017 0.4993354082107544 24699
1700575402823 0.47771474719047546 24799
1700575411574 0.44389215111732483 24899
1700575420586 0.4801856577396393 24999
1700575430321 0.4900922179222107 25099
1700575439091 0.45289960503578186 25199
1700575448135 0.4435608386993408 25299
1700575456829 0.4737289845943451 25399
1700575466577 0.522223711013794 25499
1700575475315 0.49351921677589417 25599
1700575484458 0.5133386254310608 25699
1700575493169 0.47936704754829407 25799
1700575502905 0.4665025770664215 25899
1700575512022 0.4734874665737152 25999
1700575520709 0.43809521198272705 26099
1700575529458 0.44773069024086 26199
1700575539198 0.4560140073299408 26299
1700575548382 0.5032958388328552 26399
1700575557135 0.5145024061203003 26499
1700575565878 0.47283273935317993 26599
1700575576084 0.467964768409729 26699
1700575584891 0.49369141459465027 26799
1700575593652 0.44589003920555115 26899
1700575602283 0.4434213638305664 26999
1700575612547 0.4594571590423584 27099
1700575621341 0.4699400067329407 27199
1700575630232 0.4402432143688202 27299
1700575639268 0.5571624040603638 27399
1700575649286 0.5276811718940735 27499
1700575658116 0.5066759586334229 27599
1700575666870 0.4890494644641876 27699
1700575676011 0.4995470345020294 27799
1700575685832 0.5623219013214111 27899
1700575694470 0.5221009254455566 27999
1700575703629 0.47011467814445496 28099
1700575712569 0.4318464398384094 28199
1700575722313 0.46935322880744934 28299
1700575731290 0.42752450704574585 28399
1700575740253 0.44928881525993347 28499
1700575749151 0.47715598344802856 28599
1700575758878 0.45807817578315735 28699
1700575768013 0.4587300419807434 28799
1700575776809 0.4518486559391022 28899
1700575785606 0.4991309642791748 28999
1700575795505 0.45330920815467834 29099
1700575804642 0.5153447985649109 29199
1700575813615 0.4793259799480438 29299
1700575822365 0.5089944005012512 29399
1700575832754 0.5065946578979492 29499
1700575841590 0.5020349621772766 29599
1700575850373 0.5131146311759949 29699
1700575859198 0.5023671388626099 29799
1700575869388 0.498394638299942 29899
1700575878231 0.49109774827957153 29999
1700575886947 0.4713989794254303 30099
1700575896139 0.44263899326324463 30199
1700575905976 0.45301979780197144 30299
1700575914848 0.46509286761283875 30399
1700575923637 0.5074480175971985 30499
1700575932759 0.5135498642921448 30599
1700575942360 0.4422657787799835 30699
1700575951516 0.45206552743911743 30799
1700575960851 0.4691961407661438 30899
1700575969955 0.4274924099445343 30999
1700575979051 0.49511435627937317 31099
1700575988222 0.4513000547885895 31199
1700575997208 0.4607942998409271 31299
1700576006333 0.5170467495918274 31399
1700576015926 0.5022028684616089 31499
1700576025195 0.4692888557910919 31599
1700576034026 0.5294386744499207 31699
1700576042783 0.4990652799606323 31799
1700576051814 0.5070219039916992 31899
1700576060934 0.4638703465461731 31999
1700576069705 0.4428495168685913 32099
1700576079607 0.4605248272418976 32199
1700576088850 0.4716721177101135 32299
1700576097634 0.4474821388721466 32399
1700576106557 0.4623333811759949 32499
1700576115372 0.4503578543663025 32599
1700576124672 0.4398168921470642 32699
1700576133460 0.44798943400382996 32799
1700576142972 0.45203426480293274 32899
1700576152742 0.4348815381526947 32999
1700576161641 0.4714392125606537 33099
1700576170404 0.5001841187477112 33199
1700576179381 0.5020005702972412 33299
1700576188524 0.5182614326477051 33399
1700576197436 0.5219591856002808 33499
1700576206206 0.504304051399231 33599
1700576216767 0.4916638731956482 33699
1700576225476 0.4562680423259735 33799
1700576234446 0.4959397614002228 33899
1700576243394 0.5044042468070984 33999
1700576252453 0.4583990275859833 34099
1700576261220 0.5154484510421753 34199
1700576270153 0.5266075730323792 34299
1700576280090 0.4890228807926178 34399
1700576289516 0.4427248537540436 34499
1700576298400 0.47260159254074097 34599
1700576307334 0.46144911646842957 34699
1700576316326 0.4392060935497284 34799
1700576325282 0.44479602575302124 34899
1700576334009 0.4755425453186035 34999
1700576343220 0.5536348819732666 35099
1700576353171 0.4890766143798828 35199
1700576361954 0.4713776111602783 35299
1700576370942 0.46914905309677124 35399
1700576380113 0.49790889024734497 35499
1700576388977 0.4697481393814087 35599
1700576397759 0.48839595913887024 35699
1700576406964 0.4228172302246094 35799
1700576416582 0.4525143504142761 35899
1700576425823 0.48290005326271057 35999
1700576434959 0.43130242824554443 36099
1700576444010 0.47070208191871643 36199
1700576452771 0.47013235092163086 36299
1700576461744 0.4835221767425537 36399
1700576470991 0.45088499784469604 36499
1700576479835 0.41487860679626465 36599
1700576490063 0.46754494309425354 36699
1700576499170 0.4539381265640259 36799
1700576508119 0.43741142749786377 36899
1700576517140 0.4721248149871826 36999
1700576525950 0.4960104823112488 37099
1700576535207 0.46977144479751587 37199
1700576544116 0.5002844333648682 37299
1700576553633 0.4794823229312897 37399
1700576563535 0.5232189297676086 37499
1700576572395 0.4868518114089966 37599
1700576581051 0.47595712542533875 37699
1700576589899 0.46542787551879883 37799
1700576599193 0.4301248788833618 37899
1700576608235 0.43698132038116455 37999
1700576617139 0.4954397976398468 38099
1700576627754 0.42400726675987244 38199
1700576636627 0.4679648280143738 38299
1700576645558 0.4653623700141907 38399
1700576654676 0.47387611865997314 38499
1700576664263 0.45998358726501465 38599
1700576673186 0.46048280596733093 38699
1700576682054 0.396603524684906 38799
1700576692105 0.45388132333755493 38899
1700576701573 0.47753793001174927 38999
1700576710585 0.46517443656921387 39099
1700576719404 0.444620281457901 39199
1700576728674 0.5248954892158508 39299
1700576737491 0.503026008605957 39399
1700576746498 0.4986489415168762 39499
1700576755708 0.47717684507369995 39599
1700576766186 0.4914882183074951 39699
1700576774995 0.5077334642410278 39799
1700576783824 0.5068827271461487 39899
1700576793270 0.4682730734348297 39999
1700576801962 0.43039149045944214 40099
1700576810867 0.4348917305469513 40199
1700576820121 0.4477635622024536 40299
1700576829772 0.4931497871875763 40399
1700576839325 0.43827828764915466 40499
1700576848193 0.49188071489334106 40599
1700576857370 0.5258913636207581 40699
1700576866327 0.5270037651062012 40799
1700576875183 0.42141425609588623 40899
1700576884481 0.43983954191207886 40999
1700576893270 0.4472358822822571 41099
1700576903611 0.474879652261734 41199
1700576912652 0.45764172077178955 41299
1700576921725 0.5525627732276917 41399
1700576930604 0.4773333668708801 41499
1700576939651 0.5047149658203125 41599
1700576948928 0.4803082048892975 41699
1700576957843 0.490506112575531 41799
1700576967575 0.48756328225135803 41899
1700576977555 0.46955108642578125 41999
1700576986482 0.45822304487228394 42099
1700576995385 0.479201078414917 42199
1700577004387 0.4747738242149353 42299
1700577013746 0.47677159309387207 42399
1700577022599 0.45975834131240845 42499
1700577031666 0.41503000259399414 42599
1700577042422 0.5007892847061157 42699
1700577051320 0.48949581384658813 42799
1700577060225 0.4483966827392578 42899
1700577069242 0.4175608456134796 42999
1700577078490 0.4300691485404968 43099
1700577087474 0.4111954867839813 43199
1700577096494 0.470150351524353 43299
1700577106738 0.43675392866134644 43399
1700577116439 0.4260041415691376 43499
1700577125351 0.468408465385437 43599
1700577134391 0.5185045003890991 43699
1700577143688 0.5070399641990662 43799
1700577152627 0.46311885118484497 43899
1700577161604 0.4624309837818146 43999
1700577170899 0.4869021475315094 44099
1700577181275 0.4959520697593689 44199
1700577190508 0.5094118714332581 44299
1700577199540 0.5015233159065247 44399
1700577208716 0.45067957043647766 44499
1700577217670 0.43785956501960754 44599
1700577226613 0.4718690514564514 44699
1700577235820 0.4753480553627014 44799
1700577244972 0.46007323265075684 44899
1700577255271 0.4686983823776245 44999
1700577264680 0.45020991563796997 45099
1700577273641 0.45365485548973083 45199
1700577282572 0.4578675627708435 45299
1700577291518 0.46145355701446533 45399
1700577300788 0.447355717420578 45499
1700577309742 0.5209194421768188 45599
1700577319881 0.5237205624580383 45699
1700577329734 0.47541722655296326 45799
1700577339215 0.43544501066207886 45899
1700577348483 0.44827574491500854 45999
1700577357535 0.4737015962600708 46099
1700577366825 0.44266119599342346 46199
1700577375716 0.44606930017471313 46299
1700577385066 0.4668099284172058 46399
1700577395797 0.4731558561325073 46499
1700577404737 0.48525968194007874 46599
1700577413613 0.4964737892150879 46699
1700577422626 0.5262120962142944 46799
1700577432054 0.49155154824256897 46899
1700577441120 0.45338207483291626 46999
1700577449975 0.488641619682312 47099
1700577460371 0.4901593029499054 47199
1700577470211 0.5345027446746826 47299
1700577479192 0.4850015342235565 47399
1700577488524 0.45964086055755615 47499
1700577497554 0.45680612325668335 47599
1700577506584 0.4756837785243988 47699
1700577515595 0.4886590540409088 47799
1700577525014 0.4817417860031128 47899
1700577535556 0.45103704929351807 47999
1700577544718 0.49788883328437805 48099
1700577554093 0.4753883183002472 48199
1700577563050 0.4661838412284851 48299
1700577572007 0.49093902111053467 48399
1700577581071 0.48030999302864075 48499
1700577590530 0.5105409026145935 48599
1700577600225 0.46252304315567017 48699
1700577610105 0.4647018015384674 48799
1700577619462 0.45722290873527527 48899
1700577628697 0.46971213817596436 48999
1700577637595 0.45978692173957825 49099
1700577646728 0.44718775153160095 49199
1700577656083 0.5112684965133667 49299
1700577665014 0.44629132747650146 49399
1700577675598 0.4781375527381897 49499
1700577685247 0.4832311272621155 49599
1700577694468 0.5028150677680969 49699
1700577703374 0.5011058449745178 49799
1700577712686 0.48010653257369995 49899
1700577721800 0.4659139811992645 49999
1700577730727 0.43236783146858215 50099
1700577740055 0.47186288237571716 50199
1700577750899 0.5238328576087952 50299
1700577759845 0.48494261503219604 50399
1700577768878 0.4939536452293396 50499
1700577778274 0.4291691780090332 50599
1700577787313 0.43099266290664673 50699
1700577796328 0.4684317409992218 50799
1700577805260 0.4862526059150696 50899
1700577815708 0.46416378021240234 50999
1700577825516 0.45659440755844116 51099
1700577834569 0.43516865372657776 51199
1700577844049 0.4693090617656708 51299
1700577853118 0.47629278898239136 51399
1700577862054 0.4988691508769989 51499
1700577871539 0.4471409022808075 51599
1700577880428 0.4449121356010437 51699
1700577890753 0.5038174390792847 51799
1700577900126 0.4534975290298462 51899
1700577909523 0.39280271530151367 51999
1700577918694 0.45718565583229065 52099
1700577927637 0.448703408241272 52199
1700577937085 0.5024996399879456 52299
1700577946089 0.5232284069061279 52399
1700577955534 0.47824811935424805 52499
1700577966372 0.4915878176689148 52599
1700577975444 0.4871128499507904 52699
1700577984620 0.47587472200393677 52799
1700577993797 0.4937782287597656 52899
1700578003284 0.511871874332428 52999
1700578012299 0.5004959106445312 53099
1700578021454 0.48373860120773315 53199
1700578032211 0.4925190806388855 53299
1700578042131 0.4821939170360565 53399
1700578051429 0.46041741967201233 53499
1700578060480 0.48211342096328735 53599
1700578069953 0.4733160138130188 53699
1700578078985 0.5031198263168335 53799
1700578088007 0.4761267602443695 53899
1700578097606 0.4904705882072449 53999
1700578108348 0.4504310190677643 54099
1700578117625 0.5000888109207153 54199
1700578126777 0.4991006553173065 54299
1700578135937 0.4577453136444092 54399
1700578145026 0.447819322347641 54499
1700578153943 0.5107600688934326 54599
1700578163453 0.49738407135009766 54699
1700578173078 0.4950782358646393 54799
1700578183460 0.5024690628051758 54899
1700578192859 0.45938926935195923 54999
1700578201873 0.485975444316864 55099
1700578211048 0.5149556398391724 55199
1700578220052 0.5182687640190125 55299
1700578229507 0.52135169506073 55399
1700578238653 0.5178408622741699 55499
1700578248730 0.5048702955245972 55599
1700578259160 0.45334911346435547 55699
1700578268159 0.4385885000228882 55799
1700578277199 0.4723213315010071 55899
1700578286691 0.45746031403541565 55999
1700578295850 0.499978244304657 56099
1700578305059 0.44583868980407715 56199
1700578314110 0.4583245515823364 56299
1700578325054 0.4857654869556427 56399
1700578334712 0.508213222026825 56499
1700578343778 0.4882763624191284 56599
1700578353237 0.47639504075050354 56699
1700578362304 0.4266325831413269 56799
1700578371330 0.4871036410331726 56899
1700578380477 0.48016780614852905 56999
1700578390262 0.46405738592147827 57099
1700578400993 0.516560435295105 57199
1700578410034 0.5154423117637634 57299
1700578419547 0.4704495668411255 57399
1700578428654 0.5172868371009827 57499
1700578437710 0.47469061613082886 57599
1700578447120 0.5087783932685852 57699
1700578456234 0.5184257626533508 57799
1700578466155 0.5358405709266663 57899
1700578476780 0.487648606300354 57999
1700578486081 0.49924591183662415 58099
1700578495090 0.4809446334838867 58199
1700578504188 0.5032254457473755 58299
1700578513723 0.48375195264816284 58399
1700578522789 0.4849565923213959 58499
1700578531837 0.4652920365333557 58599
1700578542577 0.511633038520813 58699
1700578552643 0.44749099016189575 58799
1700578561662 0.47175365686416626 58899
1700578570836 0.423744797706604 58999
1700578580288 0.46962910890579224 59099
1700578589333 0.4371715188026428 59199
1700578598559 0.4449045658111572 59299
1700578608160 0.4484710097312927 59399
1700578618699 0.4853007197380066 59499
1700578628424 0.44029057025909424 59599
1700578637822 0.4488011598587036 59699
1700578646860 0.4636611342430115 59799
1700578656053 0.493908166885376 59899
1700578665168 0.4445028603076935 59999
1700578674707 0.45864641666412354 60099
1700578684342 0.48968517780303955 60199
1700578694981 0.47702687978744507 60299
1700578704593 0.5169938206672668 60399
1700578713937 0.49486351013183594 60499
1700578722900 0.4713767170906067 60599
1700578732352 0.46675291657447815 60699
1700578741905 0.4249724745750427 60799
1700578751429 0.4937821626663208 60899
1700578761447 0.4781504273414612 60999
1700578772125 0.41701948642730713 61099
1700578781279 0.4522804021835327 61199
1700578790395 0.463008314371109 61299
1700578799978 0.48658859729766846 61399
1700578809088 0.44836506247520447 61499
1700578818363 0.4311133623123169 61599
1700578827517 0.42042917013168335 61699
1700578838149 0.4418673813343048 61799
1700578848113 0.48207342624664307 61899
1700578857251 0.4513285756111145 61999
1700578866853 0.4127594828605652 62099
1700578875843 0.4599519968032837 62199
