1700543734804 1.0239343643188477 99
1700543737647 0.7983120083808899 199
1700543740386 0.68340003490448 299
1700543743147 0.7493628859519958 399
1700543745825 0.6354244947433472 499
1700543748556 0.5862126350402832 599
1700543751156 0.5749623775482178 699
1700543753822 0.575033962726593 799
1700543756562 0.5215128660202026 899
1700543759259 0.5162240266799927 999
1700543762006 0.6158263683319092 1099
1700543764703 0.6066869497299194 1199
1700543767569 0.5318813920021057 1299
1700543771145 0.45762667059898376 1399
1700543773805 0.5913493633270264 1499
1700543776489 0.4505015015602112 1599
1700543779154 0.41785284876823425 1699
1700543781815 0.48575496673583984 1799
1700543784522 0.4587966501712799 1899
1700543787221 0.5054464340209961 1999
1700543789908 0.42196425795555115 2099
1700543792735 0.538630485534668 2199
1700543795418 0.49449291825294495 2299
1700543798180 0.49596232175827026 2399
1700543800890 0.4504859447479248 2499
1700543803636 0.48604539036750793 2599
1700543806411 0.47819313406944275 2699
1700543809055 0.436559796333313 2799
1700543811732 0.48892742395401 2899
1700543814376 0.42009299993515015 2999
1700543817040 0.4228648841381073 3099
1700543819683 0.5155442357063293 3199
1700543822360 0.5359662771224976 3299
1700543825034 0.3918716013431549 3399
1700543827693 0.4381447732448578 3499
1700543830549 0.542971134185791 3599
1700543833205 0.4981398582458496 3699
1700543835924 0.442569375038147 3799
1700543838538 0.37263715267181396 3899
1700543841153 0.3280087113380432 3999
1700543843799 0.48549628257751465 4099
1700543846450 0.38342732191085815 4199
1700543849102 0.35020244121551514 4299
1700543851749 0.35169717669487 4399
1700543854592 0.41231098771095276 4499
1700543857279 0.3990249037742615 4599
1700543859884 0.3604859411716461 4699
1700543862701 0.3970476984977722 4799
1700543865469 0.35702672600746155 4899
1700543868069 0.40107080340385437 4999
1700543870738 0.36951714754104614 5099
1700543873384 0.433432936668396 5199
1700543876055 0.4835837781429291 5299
1700543878738 0.41712823510169983 5399
1700543881399 0.5219326019287109 5499
1700543884056 0.45919832587242126 5599
1700543886887 0.4442807137966156 5699
1700543889520 0.4214550256729126 5799
1700543892140 0.4822201728820801 5899
1700543894988 0.37629979848861694 5999
1700543897701 0.3586635887622833 6099
1700543900290 0.43013012409210205 6199
1700543902991 0.465789794921875 6299
1700543905712 0.5218524932861328 6399
1700543908328 0.44830259680747986 6499
1700543911004 0.46528175473213196 6599
1700543913665 0.43100646138191223 6699
1700543916486 0.3792703449726105 6799
1700543919168 0.4308539032936096 6899
1700543921820 0.3653436601161957 6999
1700543924530 0.4400682747364044 7099
1700543927438 0.47147366404533386 7199
1700543930101 0.3849863111972809 7299
1700543932788 0.4068874716758728 7399
1700543935474 0.43993255496025085 7499
1700543938142 0.5116950869560242 7599
1700543940804 0.5216244459152222 7699
1700543943471 0.46111616492271423 7799
1700543946184 0.31431257724761963 7899
1700543948936 0.4197538495063782 7999
1700543951575 0.3375403583049774 8099
1700543954255 0.4997805058956146 8199
1700543957103 0.39590534567832947 8299
1700543959823 0.4321710467338562 8399
1700543962464 0.3925924599170685 8499
1700543965148 0.4329836666584015 8599
1700543967828 0.4233679175376892 8699
1700543970757 0.46146342158317566 8799
1700543973684 0.46148669719696045 8899
1700543976362 0.35263490676879883 8999
1700543979207 0.35867631435394287 9099
1700543981813 0.4873143136501312 9199
1700543984477 0.47512444853782654 9299
1700543987230 0.4826601445674896 9399
1700543990054 0.45938050746917725 9499
1700543992688 0.4009670913219452 9599
1700543995328 0.40884190797805786 9699
1700543997968 0.4439369738101959 9799
1700544000548 0.44021904468536377 9899
1700544003229 0.38337308168411255 9999
1700544005945 0.42823928594589233 10099
1700544008591 0.43232783675193787 10199
1700544011422 0.4277281165122986 10299
1700544014125 0.5428354144096375 10399
1700544016804 0.4266221821308136 10499
1700544019449 0.4247560203075409 10599
1700544022280 0.40953874588012695 10699
1700544024960 0.4449750781059265 10799
1700544027702 0.39241141080856323 10899
1700544030399 0.45309892296791077 10999
1700544033092 0.3946203589439392 11099
1700544035811 0.4232214689254761 11199
1700544038483 0.49108096957206726 11299
1700544041193 0.47547248005867004 11399
1700544043976 0.45589202642440796 11499
1700544046672 0.4148421287536621 11599
1700544049352 0.5037838816642761 11699
1700544052133 0.4970124065876007 11799
1700544054922 0.39441540837287903 11899
1700544057584 0.45530587434768677 11999
1700544060234 0.44788724184036255 12099
1700544062931 0.43651506304740906 12199
1700544065630 0.34530285000801086 12299
1700544068299 0.43559080362319946 12399
1700544070963 0.4702584445476532 12499
1700544073850 0.4140470027923584 12599
1700544076556 0.45407986640930176 12699
1700544079228 0.46653640270233154 12799
1700544081902 0.4938366711139679 12899
1700544084653 0.3907804787158966 12999
1700544087465 0.43272238969802856 13099
1700544090114 0.42046716809272766 13199
1700544092730 0.41442838311195374 13299
1700544095444 0.4205114543437958 13399
1700544098111 0.43656229972839355 13499
1700544100800 0.5115636587142944 13599
1700544103476 0.4613337218761444 13699
1700544106355 0.37493088841438293 13799
1700544108992 0.41102972626686096 13899
1700544111665 0.44522160291671753 13999
1700544114340 0.5339263677597046 14099
1700544117157 0.4041629731655121 14199
1700544119786 0.4546005129814148 14299
1700544122430 0.494341105222702 14399
1700544125039 0.38293588161468506 14499
1700544127718 0.47333958745002747 14599
1700544130367 0.4909892678260803 14699
1700544133004 0.4563553035259247 14799
1700544135768 0.40118300914764404 14899
1700544138572 0.38028064370155334 14999
1700544141256 0.38837701082229614 15099
1700544143891 0.398496150970459 15199
1700544146563 0.3559352457523346 15299
1700544149375 0.36793527007102966 15399
1700544152038 0.49721187353134155 15499
1700544154729 0.4654531180858612 15599
1700544157447 0.39522308111190796 15699
1700544160080 0.4330713748931885 15799
1700544162743 0.36782845854759216 15899
1700544165408 0.34761160612106323 15999
1700544168188 0.4119623601436615 16099
1700544171222 0.42514923214912415 16199
1700544174388 0.39890429377555847 16299
1700544177049 0.43938252329826355 16399
1700544179810 0.4426645040512085 16499
1700544182544 0.4047451615333557 16599
1700544185265 0.37770354747772217 16699
1700544187950 0.4244115650653839 16799
1700544190611 0.5732525587081909 16899
1700544193293 0.44798561930656433 16999
1700544196010 0.5091291666030884 17099
1700544198695 0.46118485927581787 17199
1700544201621 0.4394717216491699 17299
1700544204305 0.4834388494491577 17399
1700544207018 0.5333499312400818 17499
1700544209732 0.4712405800819397 17599
1700544212576 0.4817419946193695 17699
1700544215283 0.4778409004211426 17799
1700544217952 0.4312369227409363 17899
1700544220666 0.44170740246772766 17999
1700544223343 0.442682683467865 18099
1700544226049 0.41559284925460815 18199
1700544228781 0.40544188022613525 18299
1700544231599 0.4373795688152313 18399
1700544234385 0.4331255257129669 18499
1700544237113 0.461862176656723 18599
1700544239804 0.46111512184143066 18699
1700544242495 0.4315601885318756 18799
1700544245404 0.4073319137096405 18899
1700544248087 0.3836834132671356 18999
1700544250780 0.40758705139160156 19099
1700544253475 0.37769341468811035 19199
1700544256168 0.522842526435852 19299
1700544258837 0.4688509702682495 19399
1700544261499 0.36115729808807373 19499
1700544264363 0.5296496748924255 19599
1700544267117 0.3955236077308655 19699
1700544269826 0.37407004833221436 19799
1700544272481 0.48219865560531616 19899
1700544275319 0.47072479128837585 19999
1700544278048 0.3774533271789551 20099
1700544280753 0.3766680955886841 20199
1700544283453 0.36862820386886597 20299
1700544286192 0.4389248788356781 20399
1700544288903 0.3741094768047333 20499
1700544291594 0.44249483942985535 20599
1700544294373 0.3860863447189331 20699
1700544297300 0.44436150789260864 20799
1700544300001 0.4089295268058777 20899
1700544302678 0.4927619993686676 20999
1700544305403 0.4324299097061157 21099
1700544308287 0.43751928210258484 21199
1700544311026 0.3719155788421631 21299
1700544313740 0.41948771476745605 21399
1700544316470 0.40028446912765503 21499
1700544319205 0.3044123649597168 21599
1700544321899 0.3507545590400696 21699
1700544324632 0.40255704522132874 21799
1700544327408 0.40553930401802063 21899
1700544330268 0.4542277455329895 21999
1700544333004 0.43093761801719666 22099
1700544335760 0.46924063563346863 22199
1700544338538 0.3797331750392914 22299
1700544341279 0.4454740583896637 22399
1700544343984 0.4333880543708801 22499
1700544346740 0.4908747971057892 22599
1700544349459 0.3958699107170105 22699
1700544352155 0.41432517766952515 22799
1700544354916 0.46050453186035156 22899
1700544357688 0.4470537006855011 22999
1700544360462 0.3517601788043976 23099
1700544363290 0.38172975182533264 23199
1700544366069 0.5232091546058655 23299
1700544368763 0.39155101776123047 23399
1700544371670 0.3882372975349426 23499
1700544374572 0.40085723996162415 23599
1700544377682 0.4550088942050934 23699
1700544380421 0.38116517663002014 23799
1700544383133 0.3775503933429718 23899
1700544385961 0.40506917238235474 23999
1700544388720 0.4240352213382721 24099
1700544391440 0.3427106738090515 24199
1700544394354 0.42111703753471375 24299
1700544397074 0.504146158695221 24399
1700544399788 0.416932612657547 24499
1700544402649 0.38047003746032715 24599
1700544405387 0.4291660487651825 24699
1700544408105 0.4123704433441162 24799
1700544410825 0.40617504715919495 24899
1700544413543 0.4585079550743103 24999
1700544416357 0.4445131719112396 25099
1700544419107 0.3733501732349396 25199
1700544421841 0.36329084634780884 25299
1700544424599 0.44768422842025757 25399
1700544427572 0.41881263256073 25499
1700544430270 0.4919293224811554 25599
1700544433042 0.49745264649391174 25699
1700544435890 0.42529040575027466 25799
1700544438577 0.4519864022731781 25899
1700544441264 0.41372233629226685 25999
1700544443930 0.42349371314048767 26099
1700544446699 0.3782840669155121 26199
1700544449421 0.4463377594947815 26299
1700544452154 0.4620605409145355 26399
1700544454831 0.47235631942749023 26499
1700544457626 0.3572383522987366 26599
1700544460471 0.3856515884399414 26699
1700544463181 0.43701881170272827 26799
1700544465974 0.3729285001754761 26899
1700544468729 0.32446134090423584 26999
1700544471425 0.3971458375453949 27099
1700544474090 0.40467575192451477 27199
1700544476893 0.38586190342903137 27299
1700544479579 0.5362949967384338 27399
1700544482268 0.4693979024887085 27499
1700544484962 0.41944900155067444 27599
1700544487695 0.3632695972919464 27699
1700544490540 0.45828181505203247 27799
1700544493389 0.45037707686424255 27899
1700544496126 0.47715458273887634 27999
1700544499035 0.40460526943206787 28099
1700544501732 0.3412567675113678 28199
1700544504452 0.3872635066509247 28299
1700544507196 0.32795998454093933 28399
1700544509869 0.41026750206947327 28499
1700544512594 0.40917351841926575 28599
1700544515327 0.3839702904224396 28699
1700544518050 0.4268414080142975 28799
1700544520747 0.3281988501548767 28899
1700544523704 0.5464327931404114 28999
1700544526492 0.4253103733062744 29099
1700544529298 0.4610462784767151 29199
1700544532110 0.4137098789215088 29299
1700544534802 0.4373898506164551 29399
1700544537559 0.5026425719261169 29499
1700544540266 0.3960742652416229 29599
1700544542939 0.48996928334236145 29699
1700544545720 0.47549936175346375 29799
1700544548439 0.4390035569667816 29899
1700544551164 0.44909733533859253 29999
1700544553865 0.4753111004829407 30099
1700544556926 0.4465279281139374 30199
1700544559678 0.4689139723777771 30299
1700544562561 0.427265465259552 30399
1700544565276 0.4944666624069214 30499
1700544567991 0.4591805040836334 30599
1700544570655 0.40844136476516724 30699
1700544573375 0.4870377480983734 30799
1700544576112 0.433342307806015 30899
1700544578859 0.4180258810520172 30999
1700544582098 0.4425784945487976 31099
1700544585015 0.42263832688331604 31199
1700544587849 0.4192134439945221 31299
1700544590792 0.48436570167541504 31399
1700544593621 0.449677050113678 31499
1700544596412 0.4147936999797821 31599
1700544599212 0.4529169499874115 31699
1700544601946 0.4908585250377655 31799
1700544604668 0.43725699186325073 31899
1700544607375 0.41968226432800293 31999
1700544610108 0.36028754711151123 32099
1700544612806 0.379107266664505 32199
1700544615549 0.4939941465854645 32299
1700544618294 0.40875571966171265 32399
1700544621170 0.3971409499645233 32499
1700544624068 0.39099568128585815 32599
1700544626922 0.4453960955142975 32699
1700544629692 0.3826061487197876 32799
1700544632464 0.2823621928691864 32899
1700544635141 0.36632585525512695 32999
1700544637866 0.39357325434684753 33099
1700544640566 0.4581671357154846 33199
1700544643302 0.4588451385498047 33299
1700544646029 0.4276699423789978 33399
1700544648743 0.4118134081363678 33499
1700544651473 0.37360724806785583 33599
1700544654342 0.41980549693107605 33699
1700544657435 0.46197646856307983 33799
1700544660200 0.4660945236682892 33899
1700544662934 0.4664141535758972 33999
1700544665703 0.36730754375457764 34099
1700544668447 0.49860742688179016 34199
1700544671131 0.41891926527023315 34299
1700544673844 0.40373876690864563 34399
1700544676550 0.3833951950073242 34499
1700544679265 0.40503162145614624 34599
1700544681972 0.3439793884754181 34699
1700544684673 0.31462550163269043 34799
1700544687646 0.38326725363731384 34899
1700544690720 0.4556420147418976 34999
1700544693467 0.5658113360404968 35099
1700544696169 0.4850647449493408 35199
1700544698861 0.4523642063140869 35299
1700544701540 0.4354669749736786 35399
1700544704238 0.4228331446647644 35499
1700544706976 0.3787408471107483 35599
1700544709712 0.4117823541164398 35699
1700544712428 0.40552428364753723 35799
1700544715130 0.43563780188560486 35899
1700544717843 0.42649754881858826 35999
1700544720997 0.3518974483013153 36099
1700544724046 0.44082942605018616 36199
1700544726805 0.42906877398490906 36299
1700544729545 0.48558682203292847 36399
1700544732278 0.384238064289093 36499
1700544735051 0.3676908016204834 36599
1700544737779 0.4109902083873749 36699
1700544740524 0.46531370282173157 36799
1700544743261 0.3937487304210663 36899
1700544746027 0.42374902963638306 36999
1700544748757 0.4545676112174988 37099
1700544751500 0.4220505952835083 37199
1700544754836 0.4019414484500885 37299
1700544757694 0.42620179057121277 37399
1700544760382 0.44317078590393066 37499
1700544763085 0.42665907740592957 37599
1700544765791 0.457446813583374 37699
1700544768519 0.35834652185440063 37799
1700544771247 0.36712947487831116 37899
1700544773976 0.3745340406894684 37999
1700544776707 0.5057226419448853 38099
1700544779435 0.3619125783443451 38199
1700544782189 0.41265684366226196 38299
1700544785364 0.436566025018692 38399
1700544788858 0.40397289395332336 38499
1700544791866 0.36169859766960144 38599
1700544794577 0.5162075757980347 38699
1700544797325 0.3296995162963867 38799
1700544800080 0.4373636841773987 38899
1700544802810 0.4642362594604492 38999
1700544805560 0.4057752192020416 39099
1700544808273 0.3427793085575104 39199
1700544811028 0.5004724264144897 39299
1700544813835 0.4164620339870453 39399
1700544816626 0.4456121325492859 39499
1700544819456 0.4561889171600342 39599
1700544822598 0.4041871130466461 39699
1700544825428 0.42690590023994446 39799
1700544828174 0.473836213350296 39899
1700544830914 0.37981554865837097 39999
1700544833614 0.3881000280380249 40099
1700544836366 0.3783104121685028 40199
1700544839070 0.37533465027809143 40299
1700544841768 0.45958665013313293 40399
1700544844569 0.3384600281715393 40499
1700544847377 0.4423161447048187 40599
1700544850296 0.5077704191207886 40699
1700544853057 0.5772311091423035 40799
1700544856128 0.378918319940567 40899
1700544858900 0.37394586205482483 40999
1700544861647 0.34496361017227173 41099
1700544864393 0.4691508114337921 41199
1700544867191 0.4547359347343445 41299
1700544869903 0.5347312688827515 41399
1700544872686 0.5037927627563477 41499
1700544875505 0.47206369042396545 41599
1700544878230 0.4858472943305969 41699
1700544881079 0.46991124749183655 41799
1700544883859 0.3704768717288971 41899
1700544886695 0.4309557378292084 41999
1700544889787 0.4350864589214325 42099
1700544892538 0.45229220390319824 42199
1700544895314 0.5015866160392761 42299
1700544898083 0.4656657576560974 42399
1700544900860 0.42550256848335266 42499
1700544903700 0.3169751763343811 42599
1700544906539 0.4619069993495941 42699
1700544909320 0.42610085010528564 42799
1700544912149 0.45430630445480347 42899
1700544915021 0.38361454010009766 42999
1700544917811 0.4496552050113678 43099
1700544920753 0.3311525881290436 43199
1700544923816 0.4394504129886627 43299
1700544926604 0.32991448044776917 43399
1700544929354 0.37267425656318665 43499
1700544932087 0.3503135144710541 43599
1700544934883 0.5230029225349426 43699
1700544937652 0.42333894968032837 43799
1700544940450 0.357504665851593 43899
1700544943194 0.3414532244205475 43999
1700544946171 0.3727795481681824 44099
1700544948932 0.44497159123420715 44199
1700544951636 0.4539927840232849 44299
1700544954519 0.3946055769920349 44399
1700544957600 0.3127497732639313 44499
1700544960388 0.34037184715270996 44599
1700544963153 0.3905819356441498 44699
1700544966013 0.377562552690506 44799
1700544968778 0.4335498511791229 44899
1700544971507 0.39225637912750244 44999
1700544974288 0.365322083234787 45099
1700544977257 0.3476792275905609 45199
1700544980026 0.361762136220932 45299
1700544982798 0.38817471265792847 45399
1700544985636 0.3953126072883606 45499
1700544988607 0.4117017984390259 45599
1700544991646 0.4396672546863556 45699
1700544994422 0.4010150134563446 45799
1700544997743 0.33459147810935974 45899
1700545000702 0.2938467264175415 45999
1700545003404 0.39282843470573425 46099
1700545006200 0.4400463402271271 46199
1700545009174 0.3610202968120575 46299
1700545011923 0.41635334491729736 46399
1700545014704 0.4241319000720978 46499
1700545017513 0.4700377583503723 46599
1700545020276 0.47015202045440674 46699
1700545023289 0.4768275022506714 46799
1700545026344 0.4139806628227234 46899
1700545029097 0.38155290484428406 46999
1700545031854 0.3546451926231384 47099
1700545034655 0.4431302547454834 47199
1700545037441 0.41693171858787537 47299
1700545040369 0.3509855568408966 47399
1700545043124 0.33921173214912415 47499
1700545045919 0.32509976625442505 47599
1700545048676 0.47662755846977234 47699
1700545051446 0.44685688614845276 47799
1700545054197 0.4265972971916199 47899
1700545057346 0.3733060359954834 47999
1700545060240 0.43971842527389526 48099
1700545062994 0.3625837564468384 48199
1700545065773 0.37545767426490784 48299
1700545068603 0.4136839509010315 48399
1700545071490 0.4357256293296814 48499
1700545074326 0.45695188641548157 48599
1700545077071 0.3697050213813782 48699
1700545079841 0.4511435627937317 48799
1700545082620 0.3598155379295349 48899
1700545085423 0.4352116286754608 48999
1700545088171 0.3592987358570099 49099
1700545091231 0.32715216279029846 49199
1700545094262 0.4522511661052704 49299
1700545097125 0.39385440945625305 49399
1700545099889 0.3724987804889679 49499
1700545102660 0.3922703266143799 49599
1700545105646 0.5192555785179138 49699
1700545108426 0.4728441834449768 49799
1700545111220 0.4130309522151947 49899
1700545114005 0.3621171712875366 49999
1700545116847 0.3516665995121002 50099
1700545119601 0.38430124521255493 50199
1700545122417 0.4576863646507263 50299
1700545125587 0.4231499135494232 50399
1700545128495 0.39074572920799255 50499
1700545131304 0.36650341749191284 50599
1700545134100 0.33798813819885254 50699
1700545137142 0.3948948085308075 50799
1700545139893 0.46223556995391846 50899
1700545142662 0.425543874502182 50999
1700545145511 0.3300866186618805 51099
1700545148341 0.38954001665115356 51199
1700545151114 0.3241920471191406 51299
1700545153895 0.43189287185668945 51399
1700545156731 0.4309020936489105 51499
1700545159858 0.4050692021846771 51599
1700545162755 0.4603039026260376 51699
1700545165521 0.5737507343292236 51799
1700545168448 0.3988322913646698 51899
1700545171205 0.32170718908309937 51999
1700545173980 0.48361736536026 52099
1700545176848 0.3329198956489563 52199
1700545179658 0.4399634301662445 52299
1700545182451 0.5199670195579529 52399
1700545185240 0.4271882176399231 52499
1700545188015 0.41672706604003906 52599
1700545190783 0.4015312194824219 52699
1700545193906 0.43323251605033875 52799
1700545196855 0.42654743790626526 52899
1700545199820 0.4232962131500244 52999
1700545202595 0.4212613105773926 53099
1700545205422 0.344919353723526 53199
1700545208246 0.46712371706962585 53299
1700545211616 0.412251740694046 53399
1700545214354 0.3921498954296112 53499
1700545217131 0.41017571091651917 53599
1700545219916 0.39876726269721985 53699
1700545222691 0.4635205566883087 53799
1700545225547 0.4054933190345764 53899
1700545228686 0.5107846260070801 53999
1700545231756 0.4440736770629883 54099
1700545234508 0.4762347936630249 54199
1700545237306 0.3821864128112793 54299
1700545240140 0.4274013042449951 54399
1700545242939 0.3806586265563965 54499
1700545245754 0.514234185218811 54599
1700545248482 0.37096357345581055 54699
1700545251273 0.3846401870250702 54799
1700545254088 0.394787073135376 54899
1700545256878 0.42467623949050903 54999
1700545259708 0.3562718629837036 55099
1700545263093 0.38313114643096924 55199
1700545266093 0.4258069396018982 55299
1700545268874 0.35833311080932617 55399
1700545271712 0.42278918623924255 55499
1700545274487 0.44551441073417664 55599
1700545277269 0.2875308692455292 55699
1700545280003 0.3873728811740875 55799
1700545282742 0.3653400242328644 55899
1700545285577 0.34179380536079407 55999
1700545288443 0.4633224606513977 56099
1700545291187 0.35561007261276245 56199
1700545294001 0.3597264885902405 56299
1700545297395 0.3970629870891571 56399
1700545300321 0.4584980010986328 56499
1700545303111 0.44748789072036743 56599
1700545305959 0.4083975851535797 56699
1700545308772 0.3506592810153961 56799
1700545311566 0.41655805706977844 56899
1700545314358 0.38082155585289 56999
1700545317180 0.42787668108940125 57099
1700545319927 0.4631497263908386 57199
1700545322704 0.39929133653640747 57299
1700545325478 0.3556514084339142 57399
1700545328470 0.39979490637779236 57499
1700545331643 0.3984684348106384 57599
1700545334634 0.4106932580471039 57699
1700545337418 0.44164666533470154 57799
1700545340171 0.40093356370925903 57899
1700545342937 0.3681798577308655 57999
1700545345779 0.40611809492111206 58099
1700545348562 0.3804123103618622 58199
1700545351333 0.5269557237625122 58299
1700545354142 0.3807099759578705 58399
1700545356958 0.4451405107975006 58499
1700545359865 0.3982127606868744 58599
1700545362725 0.4383089244365692 58699
1700545365843 0.4021666646003723 58799
1700545368910 0.32153451442718506 58899
1700545371696 0.35962578654289246 58999
1700545374518 0.4007360637187958 59099
1700545377331 0.44625818729400635 59199
1700545380107 0.3926113545894623 59299
1700545382855 0.4554314911365509 59399
1700545385707 0.46828311681747437 59499
1700545388566 0.33107540011405945 59599
1700545391586 0.3780607283115387 59699
1700545394450 0.44311442971229553 59799
1700545397304 0.46891412138938904 59899
1700545400259 0.35609564185142517 59999
1700545403359 0.4127403199672699 60099
1700545406123 0.41357481479644775 60199
1700545408896 0.4000166058540344 60299
1700545411699 0.46247515082359314 60399
1700545414518 0.4051234722137451 60499
1700545417394 0.37352046370506287 60599
1700545420406 0.32079529762268066 60699
1700545423963 0.30960193276405334 60799
1700545427025 0.49536797404289246 60899
1700545429832 0.449515700340271 60999
1700545432614 0.3739525377750397 61099
1700545435659 0.3008028566837311 61199
1700545438724 0.38311055302619934 61299
1700545441508 0.4326017498970032 61399
1700545444301 0.3296249806880951 61499
1700545447133 0.43298330903053284 61599
1700545449905 0.3410903215408325 61699
1700545452731 0.3628436028957367 61799
1700545455800 0.4096922278404236 61899
1700545458624 0.3843671977519989 61999
1700545461420 0.34802499413490295 62099
1700545464171 0.3389321267604828 62199
1700545474632 0.5768466591835022 62299
1700545477475 0.5522975921630859 62399
1700545480297 0.5115802884101868 62499
1700545483085 0.4751245975494385 62599
1700545486113 0.3652700185775757 62699
1700545488986 0.4590272009372711 62799
1700545491773 0.49031582474708557 62899
1700545494548 0.43870657682418823 62999
1700545497394 0.4630638062953949 63099
1700545500223 0.4569942355155945 63199
1700545503089 0.35912057757377625 63299
1700545506354 0.461357444524765 63399
1700545509334 0.4707038402557373 63499
1700545512150 0.478833943605423 63599
1700545514986 0.41094157099723816 63699
1700545517931 0.4396582841873169 63799
1700545520794 0.44225382804870605 63899
1700545523626 0.48231157660484314 63999
1700545526528 0.5562906265258789 64099
1700545529364 0.4043317139148712 64199
1700545532195 0.37706056237220764 64299
1700545535052 0.5257648229598999 64399
1700545538030 0.4865087568759918 64499
1700545541272 0.4527794122695923 64599
1700545544298 0.3666263222694397 64699
1700545547197 0.3795819878578186 64799
1700545550282 0.3866146504878998 64899
1700545553126 0.3517494201660156 64999
1700545556014 0.4210784137248993 65099
1700545558817 0.3791254460811615 65199
1700545561646 0.4412277936935425 65299
1700545564446 0.45305147767066956 65399
1700545567272 0.3845179080963135 65499
1700545570107 0.45564109086990356 65599
1700545573001 0.35396766662597656 65699
1700545576293 0.3662363588809967 65799
1700545579295 0.47900861501693726 65899
1700545582228 0.4336630702018738 65999
1700545585057 0.3688446283340454 66099
1700545588000 0.36644983291625977 66199
1700545590811 0.34389761090278625 66299
1700545593587 0.4917367994785309 66399
1700545596396 0.33603236079216003 66499
1700545599235 0.45916011929512024 66599
1700545602144 0.4804994761943817 66699
1700545604985 0.38669466972351074 66799
1700545607935 0.39524203538894653 66899
1700545611183 0.38591545820236206 66999
1700545614503 0.3556976318359375 67099
1700545617363 0.48420393466949463 67199
1700545620222 0.3969566524028778 67299
1700545623052 0.4427086412906647 67399
1700545625937 0.41609352827072144 67499
1700545628822 0.45098814368247986 67599
1700545631699 0.44695794582366943 67699
1700545634569 0.35106155276298523 67799
1700545637450 0.38074302673339844 67899
1700545640359 0.3898974657058716 67999
1700545643192 0.48368343710899353 68099
1700545647257 0.3245680630207062 68199
1700545650514 0.32390472292900085 68299
1700545653374 0.5614178776741028 68399
1700545656273 0.30770546197891235 68499
1700545659121 0.4303572475910187 68599
1700545661926 0.4178500771522522 68699
1700545664743 0.3641573488712311 68799
1700545667706 0.48923569917678833 68899
1700545670689 0.4085807204246521 68999
1700545673585 0.6154327392578125 69099
1700545676524 0.4354110658168793 69199
1700545679702 0.392807275056839 69299
1700545682957 0.4441887140274048 69399
1700545686021 0.40643420815467834 69499
1700545688958 0.42734184861183167 69599
1700545691911 0.3790227174758911 69699
1700545694798 0.41138210892677307 69799
1700545697785 0.3956802487373352 69899
1700545700692 0.3661856949329376 69999
1700545703621 0.43978452682495117 70099
1700545706562 0.48311036825180054 70199
1700545709667 0.46302294731140137 70299
1700545712646 0.40004339814186096 70399
1700545715768 0.39239686727523804 70499
1700545719131 0.393391489982605 70599
1700545722226 0.4111493229866028 70699
1700545725164 0.39490973949432373 70799
1700545728174 0.3598386347293854 70899
1700545731058 0.41707155108451843 70999
1700545733999 0.42431846261024475 71099
1700545736979 0.30043935775756836 71199
1700545739921 0.37543433904647827 71299
1700545743063 0.3664717674255371 71399
1700545746030 0.4027020037174225 71499
1700545748937 0.5431607365608215 71599
1700545752161 0.44951149821281433 71699
1700545755461 0.3933945596218109 71799
1700545758450 0.40948978066444397 71899
1700545761418 0.3178918957710266 71999
1700545764349 0.44962501525878906 72099
1700545767311 0.4433111250400543 72199
1700545770170 0.40975886583328247 72299
1700545773233 0.36022475361824036 72399
1700545776239 0.47315531969070435 72499
1700545779105 0.34408798813819885 72599
1700545782010 0.45600801706314087 72699
1700545784956 0.38991811871528625 72799
1700545788312 0.4201097786426544 72899
1700545791685 0.43700647354125977 72999
1700545794657 0.528772234916687 73099
1700545797663 0.3584540784358978 73199
1700545800643 0.3995203971862793 73299
1700545803634 0.42899030447006226 73399
1700545806826 0.45491838455200195 73499
1700545809796 0.4257715344429016 73599
1700545812707 0.43949469923973083 73699
1700545815650 0.47517168521881104 73799
1700545818589 0.4513114392757416 73899
1700545821569 0.4332616925239563 73999
1700545824947 0.3864003121852875 74099
1700545828182 0.407696932554245 74199
1700545831174 0.5481557846069336 74299
1700545834152 0.40835344791412354 74399
1700545837343 0.43778613209724426 74499
1700545840300 0.29498490691185 74599
1700545843294 0.480165034532547 74699
1700545846295 0.4068494439125061 74799
1700545849224 0.3664666414260864 74899
1700545852264 0.5212290287017822 74999
1700545855274 0.44161102175712585 75099
1700545858407 0.49531883001327515 75199
1700545861759 0.42963841557502747 75299
1700545864926 0.49198633432388306 75399
1700545868006 0.4153200089931488 75499
1700545871432 0.4191994369029999 75599
1700545874801 0.4208908975124359 75699
1700545877871 0.36028575897216797 75799
1700545880918 0.40737754106521606 75899
1700545883913 0.44840607047080994 75999
1700545887013 0.4656870663166046 76099
1700545889975 0.4489118158817291 76199
1700545892978 0.4336301386356354 76299
1700545896412 0.33881863951683044 76399
1700545899754 0.572083055973053 76499
1700545902901 0.46177390217781067 76599
1700545905929 0.44367092847824097 76699
1700545908942 0.44617602229118347 76799
1700545912003 0.4219580888748169 76899
1700545915034 0.4555469751358032 76999
1700545918016 0.3606254756450653 77099
1700545920949 0.37039050459861755 77199
1700545923934 0.3926439583301544 77299
1700545927024 0.4663609564304352 77399
1700545930162 0.3270111083984375 77499
1700545933699 0.46133849024772644 77599
1700545937020 0.39786455035209656 77699
1700545940040 0.5048781037330627 77799
1700545943150 0.5027948617935181 77899
1700545946192 0.3943287134170532 77999
1700545949197 0.397405743598938 78099
1700545952210 0.47496873140335083 78199
1700545955282 0.3704129159450531 78299
1700545958311 0.425256609916687 78399
1700545961381 0.35820722579956055 78499
1700545964630 0.38657331466674805 78599
1700545967917 0.4283486306667328 78699
1700545971332 0.47503143548965454 78799
1700545974446 0.43654465675354004 78899
1700545977492 0.48569124937057495 78999
1700545980413 0.3069002628326416 79099
1700545983416 0.5177862644195557 79199
1700545986422 0.3692939877510071 79299
1700545989413 0.342510849237442 79399
1700545992421 0.43717148900032043 79499
1700545995469 0.45715779066085815 79599
1700545998525 0.46217435598373413 79699
1700546001490 0.4144424498081207 79799
1700546004861 0.4533487558364868 79899
1700546008246 0.4187554717063904 79999
1700546011251 0.4254501163959503 80099
1700546014235 0.42027536034584045 80199
1700546017224 0.3517497777938843 80299
1700546020113 0.36691173911094666 80399
1700546023048 0.4657396674156189 80499
1700546026026 0.4093482494354248 80599
1700546029194 0.36842700839042664 80699
1700546032226 0.4597682058811188 80799
1700546035171 0.48928552865982056 80899
1700546038217 0.37701883912086487 80999
1700546041621 0.4047205448150635 81099
1700546044922 0.45353391766548157 81199
1700546047950 0.3363824784755707 81299
1700546050908 0.41946202516555786 81399
1700546053876 0.42456763982772827 81499
1700546056839 0.42079004645347595 81599
1700546060039 0.38160035014152527 81699
1700546063031 0.506121039390564 81799
1700546066049 0.3892829716205597 81899
1700546068975 0.35135015845298767 81999
1700546071906 0.5183588862419128 82099
1700546074947 0.4358005225658417 82199
1700546078314 0.38528865575790405 82299
1700546081583 0.4336796998977661 82399
1700546084614 0.38830873370170593 82499
1700546087584 0.4466523826122284 82599
1700546090559 0.4186764657497406 82699
1700546093703 0.4066903591156006 82799
1700546096792 0.47714364528656006 82899
1700546100289 0.39145591855049133 82999
1700546103484 0.38382217288017273 83099
1700546106482 0.4704689383506775 83199
1700546109419 0.4036561846733093 83299
1700546112611 0.3897489011287689 83399
1700546116020 0.4873320758342743 83499
1700546119208 0.33549022674560547 83599
1700546122153 0.3019617199897766 83699
1700546125426 0.4879516363143921 83799
1700546128448 0.46440771222114563 83899
1700546131368 0.3899730443954468 83999
1700546134296 0.36543047428131104 84099
1700546137279 0.3593757450580597 84199
1700546140193 0.3533143103122711 84299
1700546143178 0.42997729778289795 84399
1700546146123 0.38932004570961 84499
1700546149289 0.42350468039512634 84599
1700546152593 0.43075138330459595 84699
1700546156045 0.36057499051094055 84799
1700546159041 0.43723803758621216 84899
1700546162011 0.3888855278491974 84999
1700546164974 0.36724188923835754 85099
1700546167988 0.4065214991569519 85199
1700546170907 0.4017508625984192 85299
1700546173870 0.37225139141082764 85399
1700546176845 0.4594682455062866 85499
1700546179785 0.39948761463165283 85599
1700546182755 0.44494181871414185 85699
1700546186149 0.3210441768169403 85799
1700546189900 0.38308894634246826 85899
1700546193001 0.44343361258506775 85999
1700546196028 0.35687416791915894 86099
1700546199073 0.40435266494750977 86199
1700546202124 0.4726839065551758 86299
1700546205201 0.42905470728874207 86399
1700546208196 0.3090918958187103 86499
1700546211177 0.4423767328262329 86599
1700546214144 0.4574111998081207 86699
1700546217252 0.3534733057022095 86799
1700546220470 0.3956541419029236 86899
1700546223795 0.4454735219478607 86999
1700546227264 0.41248610615730286 87099
1700546230401 0.4946651756763458 87199
1700546233397 0.44227835536003113 87299
1700546236403 0.34207281470298767 87399
1700546239439 0.359855055809021 87499
1700546242495 0.44891220331192017 87599
1700546245556 0.42161598801612854 87699
1700546248658 0.41749727725982666 87799
1700546251831 0.44919076561927795 87899
1700546254832 0.3496638536453247 87999
1700546257776 0.3553902208805084 88099
1700546261127 0.36074838042259216 88199
1700546264595 0.49816471338272095 88299
1700546267728 0.48360076546669006 88399
1700546270811 0.43470898270606995 88499
1700546273833 0.4557834267616272 88599
1700546276864 0.46415093541145325 88699
1700546279909 0.46716994047164917 88799
1700546283137 0.39191582798957825 88899
1700546286285 0.4011096656322479 88999
1700546289280 0.41532206535339355 89099
1700546292315 0.4017447233200073 89199
1700546295385 0.3922417163848877 89299
1700546298779 0.28441011905670166 89399
1700546302179 0.439508855342865 89499
1700546305170 0.43225669860839844 89599
1700546308341 0.475727379322052 89699
1700546311351 0.39695441722869873 89799
1700546314433 0.4452861249446869 89899
1700546317642 0.3807770013809204 89999
1700546320712 0.4591691792011261 90099
1700546323737 0.40424785017967224 90199
1700546326816 0.40077731013298035 90299
1700546330055 0.41176196932792664 90399
1700546333799 0.37485772371292114 90499
1700546337268 0.4561576247215271 90599
1700546340437 0.5225057005882263 90699
1700546343468 0.35417044162750244 90799
1700546346656 0.3559832274913788 90899
1700546349814 0.39014849066734314 90999
1700546352899 0.3814104497432709 91099
1700546355929 0.4481319487094879 91199
1700546358996 0.4230347275733948 91299
1700546362044 0.3268778622150421 91399
1700546365101 0.3682786226272583 91499
1700546368159 0.41220417618751526 91599
1700546371413 0.35092684626579285 91699
1700546374823 0.3926824629306793 91799
1700546377989 0.5225363969802856 91899
1700546381108 0.4263588786125183 91999
1700546384120 0.5308007597923279 92099
1700546387154 0.539399266242981 92199
1700546390164 0.4163130819797516 92299
1700546393155 0.3487626612186432 92399
1700546396133 0.4514103829860687 92499
1700546399244 0.4733920991420746 92599
1700546402239 0.45964059233665466 92699
1700546405265 0.5117006301879883 92799
1700546408615 0.371498703956604 92899
1700546412287 0.4670611619949341 92999
1700546415452 0.41383829712867737 93099
1700546418434 0.4021856188774109 93199
1700546421374 0.4194399118423462 93299
1700546424307 0.43581876158714294 93399
1700546427294 0.4778597354888916 93499
1700546430223 0.47639966011047363 93599
1700546433232 0.41935640573501587 93699
1700546436275 0.4139404892921448 93799
1700546439320 0.4223337769508362 93899
1700546442409 0.44133123755455017 93999
1700546445492 0.43188565969467163 94099
1700546448468 0.44196441769599915 94199
1700546451440 0.4036257266998291 94299
1700546454444 0.43416285514831543 94399
1700546457464 0.462861567735672 94499
1700546460464 0.3536418378353119 94599
1700546463553 0.38637328147888184 94699
1700546466570 0.42532461881637573 94799
1700546469515 0.3480493426322937 94899
1700546472554 0.41785234212875366 94999
1700546476083 0.32578355073928833 95099
1700546479403 0.42436689138412476 95199
1700546482640 0.5154707431793213 95299
1700546485628 0.43042224645614624 95399
1700546488603 0.4564515948295593 95499
1700546491590 0.4948541522026062 95599
1700546494574 0.4028024971485138 95699
1700546497595 0.39656326174736023 95799
1700546500552 0.44491830468177795 95899
1700546503569 0.5006718039512634 95999
1700546506756 0.39003580808639526 96099
1700546509746 0.4470442831516266 96199
1700546512683 0.37331902980804443 96299
1700546515676 0.4038081765174866 96399
1700546518691 0.45474007725715637 96499
1700546521687 0.3521539866924286 96599
1700546524699 0.42095866799354553 96699
1700546527737 0.38304591178894043 96799
1700546530730 0.43431639671325684 96899
1700546533647 0.30647385120391846 96999
1700546536666 0.48813554644584656 97099
1700546539892 0.4200034439563751 97199
1700546543043 0.47148868441581726 97299
1700546546470 0.4406011700630188 97399
1700546549682 0.36780601739883423 97499
1700546552750 0.48832967877388 97599
1700546555800 0.34324488043785095 97699
1700546558817 0.4548480808734894 97799
1700546562071 0.4079437255859375 97899
1700546565361 0.5379251837730408 97999
1700546568325 0.38547801971435547 98099
1700546571542 0.410861074924469 98199
1700546574565 0.4016677141189575 98299
1700546577588 0.4315875768661499 98399
1700546580565 0.3360233008861542 98499
1700546583622 0.41299474239349365 98599
1700546586604 0.4524788558483124 98699
1700546589561 0.35501807928085327 98799
1700546592520 0.48471349477767944 98899
1700546595540 0.4471990168094635 98999
1700546598519 0.39254704117774963 99099
1700546601615 0.37077322602272034 99199
1700546604735 0.5686178803443909 99299
1700546607806 0.3983452320098877 99399
1700546611086 0.43869131803512573 99499
1700546614534 0.43062877655029297 99599
1700546617822 0.44054606556892395 99699
1700546620807 0.4087257981300354 99799
1700546623746 0.3609963059425354 99899
1700546626717 0.42078664898872375 99999
1700546629701 0.340077668428421 100099
1700546632612 0.3920980989933014 100199
1700546635806 0.5809108018875122 100299
1700546638692 0.39979416131973267 100399
1700546641701 0.37728506326675415 100499
1700546644684 0.3526183068752289 100599
1700546647724 0.36586955189704895 100699
1700546650712 0.35783031582832336 100799
1700546653686 0.47590556740760803 100899
1700546656700 0.3742772936820984 100999
1700546659664 0.4196619987487793 101099
1700546662644 0.3926214575767517 101199
1700546665743 0.36446186900138855 101299
1700546668768 0.3402540683746338 101399
1700546671671 0.5949787497520447 101499
1700546674671 0.40900009870529175 101599
1700546677806 0.38533785939216614 101699
1700546681224 0.40482810139656067 101799
1700546684566 0.4695134162902832 101899
1700546687733 0.49320781230926514 101999
1700546690721 0.3654122054576874 102099
1700546693681 0.4910133183002472 102199
1700546696630 0.3547080457210541 102299
1700546699770 0.4029083847999573 102399
1700546702760 0.4677577018737793 102499
1700546705855 0.40889638662338257 102599
1700546708835 0.4249346852302551 102699
1700546711850 0.46347129344940186 102799
1700546714808 0.4595239758491516 102899
1700546717845 0.5731859803199768 102999
1700546720809 0.3492991030216217 103099
1700546723799 0.34999585151672363 103199
1700546726827 0.40837714076042175 103299
1700546730086 0.5363830924034119 103399
1700546733130 0.5162933468818665 103499
1700546736239 0.4500521719455719 103599
1700546739203 0.36136099696159363 103699
1700546742210 0.4239378571510315 103799
1700546745311 0.3763449192047119 103899
1700546748665 0.439233660697937 103999
1700546751994 0.46286481618881226 104099
1700546755128 0.33536291122436523 104199
1700546758071 0.3604922890663147 104299
1700546761165 0.47859126329421997 104399
1700546764190 0.4089800715446472 104499
1700546767282 0.4442550837993622 104599
1700546770241 0.41630086302757263 104699
1700546773171 0.33999115228652954 104799
1700546776145 0.392368882894516 104899
1700546778998 0.45960238575935364 104999
1700546781821 0.47661975026130676 105099
1700546784956 0.36034590005874634 105199
1700546788245 0.452241986989975 105299
1700546791386 0.3103668689727783 105399
1700546794497 0.48136255145072937 105499
1700546797524 0.3457792401313782 105599
1700546800471 0.4426467716693878 105699
1700546803413 0.47359880805015564 105799
1700546806374 0.6081214547157288 105899
1700546809373 0.34159111976623535 105999
1700546812307 0.4416255056858063 106099
1700546815635 0.3704967796802521 106199
1700546819018 0.40834349393844604 106299
1700546822277 0.40171384811401367 106399
1700546825286 0.41387301683425903 106499
1700546828290 0.42500245571136475 106599
1700546831176 0.43826377391815186 106699
1700546834059 0.4030691683292389 106799
1700546836963 0.40395036339759827 106899
1700546839863 0.363969624042511 106999
1700546842850 0.34119343757629395 107099
1700546845847 0.44551268219947815 107199
1700546848871 0.357403039932251 107299
1700546851804 0.39470547437667847 107399
1700546854733 0.3756546974182129 107499
1700546858077 0.3875751197338104 107599
1700546861022 0.3676605224609375 107699
1700546863891 0.36049509048461914 107799
1700546866793 0.4157464802265167 107899
1700546869710 0.3271115720272064 107999
1700546872572 0.33694687485694885 108099
1700546875450 0.4609040319919586 108199
1700546878386 0.4052108824253082 108299
1700546881329 0.4467923641204834 108399
1700546884636 0.4409221112728119 108499
1700546888193 0.40106478333473206 108599
1700546891758 0.3806419372558594 108699
1700546894667 0.424120157957077 108799
1700546897644 0.49528002738952637 108899
1700546900515 0.3748638927936554 108999
1700546903447 0.4962736964225769 109099
1700546906381 0.44199228286743164 109199
1700546909221 0.426351398229599 109299
1700546912055 0.42641323804855347 109399
1700546914971 0.4099199175834656 109499
1700546917891 0.45681822299957275 109599
1700546920830 0.3386710286140442 109699
1700546923907 0.3506523370742798 109799
1700546926858 0.3723924160003662 109899
1700546929781 0.36956197023391724 109999
1700546932630 0.3903792202472687 110099
1700546935521 0.4434303939342499 110199
1700546938435 0.28513917326927185 110299
1700546941247 0.3404146134853363 110399
1700546944118 0.31913721561431885 110499
1700546947067 0.39411863684654236 110599
1700546949999 0.39095306396484375 110699
1700546953493 0.4358719289302826 110799
1700546956837 0.3785178065299988 110899
1700546960105 0.41523733735084534 110999
1700546962982 0.44918370246887207 111099
1700546965853 0.41058599948883057 111199
1700546968726 0.41313499212265015 111299
1700546971632 0.2684074938297272 111399
1700546974474 0.41350796818733215 111499
1700546977359 0.3053939640522003 111599
1700546980249 0.3918631076812744 111699
1700546983051 0.3785204589366913 111799
1700546986059 0.5693543553352356 111899
1700546988915 0.35211148858070374 111999
1700546991742 0.4494679272174835 112099
1700546994566 0.38475173711776733 112199
1700546997446 0.32677462697029114 112299
1700547000295 0.37520191073417664 112399
1700547003226 0.3303280472755432 112499
1700547006157 0.39088305830955505 112599
1700547009610 0.3927950859069824 112699
1700547012766 0.42406216263771057 112799
1700547015666 0.2987564206123352 112899
1700547018797 0.4824952185153961 112999
1700547022002 0.4231351315975189 113099
1700547025318 0.4302140772342682 113199
1700547028699 0.35840708017349243 113299
1700547031683 0.2942388653755188 113399
1700547034671 0.33338525891304016 113499
1700547037623 0.41648027300834656 113599
1700547040600 0.3710673451423645 113699
1700547043706 0.4189242720603943 113799
1700547046756 0.40602919459342957 113899
1700547049884 0.3770172894001007 113999
1700547052871 0.5186216235160828 114099
1700547055802 0.42426297068595886 114199
1700547058647 0.4064925014972687 114299
1700547061477 0.4336432218551636 114399
1700547064329 0.4380021095275879 114499
1700547067261 0.5200275778770447 114599
1700547070227 0.4465145766735077 114699
1700547073318 0.440861314535141 114799
1700547076309 0.4296393096446991 114899
1700547079276 0.4678286910057068 114999
1700547082413 0.4677192270755768 115099
1700547085467 0.3822825849056244 115199
1700547088520 0.4336264431476593 115299
1700547091848 0.39019909501075745 115399
1700547095205 0.3767421245574951 115499
1700547098324 0.38085803389549255 115599
1700547101154 0.489752858877182 115699
1700547104128 0.39383718371391296 115799
1700547106990 0.3916466236114502 115899
1700547109834 0.3340802490711212 115999
1700547112807 0.34766656160354614 116099
1700547115720 0.3873646557331085 116199
1700547118542 0.37977567315101624 116299
1700547121372 0.43841442465782166 116399
1700547124251 0.37105533480644226 116499
1700547127107 0.39062535762786865 116599
1700547129965 0.37787550687789917 116699
1700547132857 0.3686322271823883 116799
1700547135780 0.3584308922290802 116899
1700547138633 0.4389142394065857 116999
1700547141492 0.41741108894348145 117099
1700547144438 0.4171164929866791 117199
1700547147471 0.36259719729423523 117299
1700547150342 0.36260074377059937 117399
1700547153207 0.36608386039733887 117499
1700547156064 0.4064995050430298 117599
1700547159098 0.31635770201683044 117699
1700547162355 0.3369700014591217 117799
1700547165751 0.37066617608070374 117899
1700547168793 0.3808668553829193 117999
1700547171670 0.35901880264282227 118099
1700547174530 0.41035252809524536 118199
1700547177609 0.4646623432636261 118299
1700547180403 0.448000967502594 118399
1700547183221 0.34082937240600586 118499
1700547186130 0.44733020663261414 118599
1700547188942 0.3845985531806946 118699
1700547191805 0.39347541332244873 118799
1700547194660 0.4138467311859131 118899
1700547197606 0.3523977994918823 118999
1700547200503 0.28704842925071716 119099
1700547203376 0.42714065313339233 119199
1700547206234 0.4745234549045563 119299
1700547209337 0.3952544927597046 119399
1700547212236 0.4336662292480469 119499
1700547215076 0.33371835947036743 119599
1700547217943 0.3909306824207306 119699
1700547220805 0.42290061712265015 119799
1700547223605 0.43100395798683167 119899
1700547226571 0.35392317175865173 119999
1700547229817 0.3662257194519043 120099
1700547233788 0.4668637812137604 120199
1700547236997 0.47419270873069763 120299
1700547239931 0.3520970940589905 120399
1700547242938 0.34520384669303894 120499
1700547245820 0.4240783452987671 120599
1700547248719 0.337917685508728 120699
1700547251606 0.3768501281738281 120799
1700547254540 0.3909645974636078 120899
1700547257526 0.4128793776035309 120999
1700547260387 0.36659711599349976 121099
1700547263237 0.3751923739910126 121199
1700547266107 0.39087456464767456 121299
1700547268958 0.3465258479118347 121399
1700547271902 0.42437902092933655 121499
1700547274903 0.4472602605819702 121599
1700547277779 0.37423408031463623 121699
1700547280595 0.4439689815044403 121799
1700547283424 0.32332736253738403 121899
1700547286389 0.3899654746055603 121999
1700547289272 0.49636054039001465 122099
1700547292168 0.37527400255203247 122199
1700547295088 0.41180136799812317 122299
1700547298343 0.44987010955810547 122399
1700547301539 0.41230082511901855 122499
1700547305107 0.3868003785610199 122599
1700547308157 0.42038077116012573 122699
1700547311049 0.3589968979358673 122799
1700547313967 0.34536120295524597 122899
1700547316923 0.3361898958683014 122999
1700547319766 0.3730592429637909 123099
1700547322606 0.4578483998775482 123199
1700547325556 0.3998224437236786 123299
1700547328422 0.3741309940814972 123399
1700547331298 0.40460649132728577 123499
1700547334152 0.4040374159812927 123599
1700547337278 0.39791542291641235 123699
1700547340112 0.37682968378067017 123799
1700547342948 0.4309661388397217 123899
1700547345883 0.34418243169784546 123999
1700547348744 0.4359217584133148 124099
1700547351601 0.3586755096912384 124199
1700547354475 0.3774172067642212 124299
1700547357385 0.3874775469303131 124399
