1700586669946 0.35276907682418823 99
1700586672742 0.24903589487075806 199
1700586675280 0.239024356007576 299
1700586677804 0.27012133598327637 399
1700586680359 0.2269640862941742 499
1700586682923 0.2167917788028717 599
1700586686057 0.2254485785961151 699
1700586688594 0.17506840825080872 799
1700586691127 0.19307519495487213 899
1700586693665 0.1911238431930542 999
1700586696294 0.20960763096809387 1099
1700586698833 0.2405211627483368 1199
1700586701386 0.18686917424201965 1299
1700586704020 0.16915790736675262 1399
1700586706526 0.2055613249540329 1499
1700586709059 0.15682297945022583 1599
1700586711620 0.12149938941001892 1699
1700586714129 0.16397613286972046 1799
1700586716659 0.17024147510528564 1899
1700586719173 0.16997487843036652 1999
1700586721730 0.14540645480155945 2099
1700586724220 0.18887141346931458 2199
1700586726835 0.16684071719646454 2299
1700586729349 0.1847689151763916 2399
1700586731867 0.1455419361591339 2499
1700586734379 0.13352152705192566 2599
1700586736921 0.13274425268173218 2699
1700586739357 0.15542739629745483 2799
1700586741871 0.156261146068573 2899
1700586744356 0.15424537658691406 2999
1700586746837 0.12967121601104736 3099
1700586749282 0.1953086256980896 3199
1700586751868 0.23050978779792786 3299
1700586754320 0.153407022356987 3399
1700586756908 0.11168810725212097 3499
1700586759419 0.1852613389492035 3599
1700586761922 0.14709524810314178 3699
1700586764400 0.15872269868850708 3799
1700586767001 0.1526431143283844 3899
1700586769517 0.12124700844287872 3999
1700586772022 0.14033734798431396 4099
1700586774549 0.15524569153785706 4199
1700586777050 0.16565318405628204 4299
1700586779497 0.15397043526172638 4399
1700586781959 0.1423683613538742 4499
1700586784516 0.16167715191841125 4599
1700586787596 0.11941428482532501 4699
1700586790191 0.1292947232723236 4799
1700586792718 0.1541614830493927 4899
1700586795195 0.0857999324798584 4999
1700586797686 0.1185874342918396 5099
1700586800280 0.15730592608451843 5199
1700586802774 0.13735106587409973 5299
1700586805241 0.14742839336395264 5399
1700586807705 0.19255401194095612 5499
1700586810170 0.1671229600906372 5599
1700586812693 0.12466631084680557 5699
1700586815194 0.12961408495903015 5799
1700586817780 0.17330744862556458 5899
1700586820388 0.09802552312612534 5999
1700586822924 0.1066611260175705 6099
1700586825373 0.15195469558238983 6199
1700586827868 0.16902749240398407 6299
1700586830513 0.17945954203605652 6399
1700586832986 0.15360258519649506 6499
1700586835462 0.14302471280097961 6599
1700586837951 0.1323252171278 6699
1700586840434 0.11463110148906708 6799
1700586842893 0.14689062535762787 6899
1700586845874 0.1329963505268097 6999
1700586848391 0.16610035300254822 7099
1700586851030 0.1314559429883957 7199
1700586853503 0.12440238893032074 7299
1700586855973 0.14842265844345093 7399
1700586858477 0.11958801746368408 7499
1700586860985 0.15372797846794128 7599
1700586863594 0.17667755484580994 7699
1700586866002 0.10845309495925903 7799
1700586868533 0.1305321604013443 7899
1700586871031 0.10689754784107208 7999
1700586873480 0.10565066337585449 8099
1700586875991 0.13534030318260193 8199
1700586878542 0.14824075996875763 8299
1700586881074 0.1528996080160141 8399
1700586883637 0.13460803031921387 8499
1700586886123 0.13660094141960144 8599
1700586888668 0.09887637197971344 8699
1700586891277 0.1514720916748047 8799
1700586894062 0.11606433987617493 8899
1700586896706 0.11974427103996277 8999
1700586899291 0.11562660336494446 9099
1700586901920 0.10909532010555267 9199
1700586904566 0.11328475922346115 9299
1700586907203 0.11592945456504822 9399
1700586909850 0.12955676019191742 9499
1700586912476 0.13523432612419128 9599
1700586915231 0.12954185903072357 9699
1700586917839 0.12198829650878906 9799
1700586920496 0.10178357362747192 9899
1700586923070 0.055230915546417236 9999
1700586925834 0.11933323740959167 10099
1700586928461 0.11640327423810959 10199
1700586931090 0.12352210283279419 10299
1700586933685 0.14459650218486786 10399
1700586936316 0.14167872071266174 10499
1700586938879 0.1377965211868286 10599
1700586941413 0.12918370962142944 10699
1700586943894 0.14198005199432373 10799
1700586946529 0.1482674777507782 10899
1700586949541 0.1127086654305458 10999
1700586952045 0.11312524974346161 11099
1700586954540 0.1207035630941391 11199
1700586957161 0.14749132096767426 11299
1700586959678 0.16951587796211243 11399
1700586962186 0.11774925887584686 11499
1700586964736 0.17797218263149261 11599
1700586967194 0.13910408318042755 11699
1700586969748 0.17791080474853516 11799
1700586972294 0.11131018400192261 11899
1700586974774 0.14799655973911285 11999
1700586977387 0.09847170114517212 12099
1700586979924 0.1344224512577057 12199
1700586982411 0.10379884392023087 12299
1700586984908 0.11378487944602966 12399
1700586987424 0.15705181658267975 12499
1700586990072 0.10722967982292175 12599
1700586992571 0.13565322756767273 12699
1700586995047 0.10678023099899292 12799
1700586997558 0.15171384811401367 12899
1700587000101 0.11278028786182404 12999
1700587002627 0.12182944267988205 13099
1700587005049 0.0958615243434906 13199
1700587007784 0.08501152694225311 13299
1700587010348 0.10757198929786682 13399
1700587012918 0.12381917238235474 13499
1700587015386 0.1168600395321846 13599
1700587018331 0.12550318241119385 13699
1700587021014 0.16679313778877258 13799
1700587023547 0.12737533450126648 13899
1700587026014 0.14810460805892944 13999
1700587028481 0.1655353605747223 14099
1700587031056 0.1294887661933899 14199
1700587033623 0.13970595598220825 14299
1700587036154 0.13148128986358643 14399
1700587038658 0.15285661816596985 14499
1700587041354 0.12055976688861847 14599
1700587043898 0.10326296091079712 14699
1700587046395 0.09031359851360321 14799
1700587048870 0.12000537663698196 14899
1700587051681 0.10182879865169525 14999
1700587054185 0.1597016155719757 15099
1700587056717 0.10004226118326187 15199
1700587059201 0.15814045071601868 15299
1700587061753 0.1180281937122345 15399
1700587064307 0.11925347149372101 15499
1700587066833 0.1292041540145874 15599
1700587069316 0.13075564801692963 15699
1700587071978 0.11175333708524704 15799
1700587074502 0.0771879032254219 15899
1700587077212 0.116660937666893 15999
1700587079903 0.09380392730236053 16099
1700587082430 0.16708466410636902 16199
1700587085391 0.12270480394363403 16299
1700587088006 0.08683041483163834 16399
1700587090647 0.12977488338947296 16499
1700587093273 0.1296437382698059 16599
1700587095957 0.09298586845397949 16699
1700587098553 0.1227884292602539 16799
1700587101162 0.16156990826129913 16899
1700587103914 0.13226163387298584 16999
1700587106487 0.16323071718215942 17099
1700587109080 0.12344509363174438 17199
1700587111737 0.1742863655090332 17299
1700587114371 0.09852486848831177 17399
1700587117198 0.14096175134181976 17499
1700587119798 0.09524273127317429 17599
1700587122457 0.08668780326843262 17699
1700587125088 0.1522025316953659 17799
1700587127684 0.09629656374454498 17899
1700587130313 0.1427079290151596 17999
1700587132930 0.11652398109436035 18099
1700587135553 0.09455100446939468 18199
1700587138055 0.14793959259986877 18299
1700587140573 0.13772276043891907 18399
1700587143112 0.11886998265981674 18499
1700587145589 0.1376437246799469 18599
1700587148466 0.11495067179203033 18699
1700587150970 0.1303626000881195 18799
1700587153468 0.1110406368970871 18899
1700587156230 0.10357573628425598 18999
1700587158744 0.13251322507858276 19099
1700587161514 0.10895995795726776 19199
1700587164001 0.1782747358083725 19299
1700587166602 0.15657974779605865 19399
1700587169166 0.14613774418830872 19499
1700587171686 0.11666311323642731 19599
1700587174187 0.12127071619033813 19699
1700587176682 0.10915662348270416 19799
1700587179290 0.12542292475700378 19899
1700587181835 0.09505519270896912 19999
1700587184362 0.10329189151525497 20099
1700587186914 0.08586584031581879 20199
1700587189641 0.14451202750205994 20299
1700587192163 0.11838133633136749 20399
1700587194672 0.09285669028759003 20499
1700587197214 0.1691480278968811 20599
1700587199922 0.1485864371061325 20699
1700587202423 0.17643523216247559 20799
1700587204936 0.07896163314580917 20899
1700587207442 0.14140038192272186 20999
1700587209967 0.10453969985246658 21099
1700587212658 0.10634708404541016 21199
1700587215407 0.11926407366991043 21299
1700587217976 0.13040512800216675 21399
1700587220514 0.1907084584236145 21499
1700587222992 0.09768350422382355 21599
1700587225517 0.11075308173894882 21699
1700587228026 0.11302071809768677 21799
1700587230648 0.11565441638231277 21899
1700587233228 0.13945221900939941 21999
1700587235756 0.130437970161438 22099
1700587238267 0.14532794058322906 22199
1700587240809 0.08505136519670486 22299
1700587243431 0.16889268159866333 22399
1700587245981 0.08212845027446747 22499
1700587248762 0.12429079413414001 22599
1700587251546 0.09438318014144897 22699
1700587254053 0.06872346997261047 22799
1700587256556 0.09702892601490021 22899
1700587259070 0.11435540020465851 22999
1700587261589 0.10061007738113403 23099
1700587264504 0.11047735810279846 23199
1700587267011 0.1724759340286255 23299
1700587269514 0.10576125234365463 23399
1700587272089 0.10404537618160248 23499
1700587274770 0.1215372085571289 23599
1700587277312 0.12377799302339554 23699
1700587279926 0.12105271220207214 23799
1700587282511 0.09536872804164886 23899
1700587285107 0.13566067814826965 23999
1700587287652 0.11763696372509003 24099
1700587290198 0.09648384898900986 24199
1700587292795 0.07868288457393646 24299
1700587295537 0.16170646250247955 24399
1700587298093 0.12622778117656708 24499
1700587300649 0.1304471492767334 24599
1700587303232 0.08682776242494583 24699
1700587305914 0.08808943629264832 24799
1700587308509 0.09313693642616272 24899
1700587311342 0.1422101855278015 24999
1700587313888 0.11461827158927917 25099
1700587316435 0.14256581664085388 25199
1700587319235 0.08959361910820007 25299
1700587321779 0.1117178201675415 25399
1700587324558 0.10676377266645432 25499
1700587327221 0.0976790115237236 25599
1700587329911 0.17098096013069153 25699
1700587332458 0.1046367958188057 25799
1700587334993 0.1117977723479271 25899
1700587337686 0.08701532334089279 25999
1700587340371 0.1133052185177803 26099
1700587342893 0.1478496491909027 26199
1700587345472 0.09393593668937683 26299
1700587348009 0.1105959564447403 26399
1700587350541 0.12494111806154251 26499
1700587353383 0.07983061671257019 26599
1700587355958 0.08806104958057404 26699
1700587358504 0.10247763991355896 26799
1700587361286 0.08272621780633926 26899
1700587363802 0.07842856645584106 26999
1700587366369 0.09181284159421921 27099
1700587369053 0.10404866933822632 27199
1700587371752 0.07822252810001373 27299
1700587374320 0.2200375497341156 27399
1700587376892 0.15603920817375183 27499
1700587379656 0.14507895708084106 27599
1700587382242 0.09317270666360855 27699
1700587384794 0.11188659071922302 27799
1700587387356 0.13264641165733337 27899
1700587389902 0.19157518446445465 27999
1700587392627 0.10414338111877441 28099
1700587395266 0.09001292288303375 28199
1700587397832 0.12695154547691345 28299
1700587400575 0.07180598378181458 28399
1700587403229 0.11418385058641434 28499
1700587405750 0.09330081939697266 28599
1700587408328 0.09895598143339157 28699
1700587410913 0.13188384473323822 28799
1700587413677 0.09597538411617279 28899
1700587416452 0.12602727115154266 28999
1700587418980 0.11797019839286804 29099
1700587421565 0.09249722212553024 29199
1700587424255 0.11000260710716248 29299
1700587426935 0.12867234647274017 29399
1700587429686 0.15250609815120697 29499
1700587432403 0.13549378514289856 29599
1700587435094 0.1324593871831894 29699
1700587437625 0.10854744911193848 29799
1700587440210 0.09974145889282227 29899
1700587442744 0.1380266696214676 29999
1700587445294 0.11483034491539001 30099
1700587447854 0.12181258201599121 30199
1700587450438 0.12148409336805344 30299
1700587452959 0.1396758258342743 30399
1700587455476 0.13403621315956116 30499
1700587458214 0.08365020900964737 30599
1700587460765 0.11799642443656921 30699
1700587463294 0.14668476581573486 30799
1700587465988 0.13374054431915283 30899
1700587468470 0.11206954717636108 30999
1700587470993 0.12863901257514954 31099
1700587473523 0.10633285343647003 31199
1700587476057 0.12217231839895248 31299
1700587478818 0.10611246526241302 31399
1700587481338 0.12653343379497528 31499
1700587484029 0.12417097389698029 31599
1700587486533 0.10624906420707703 31699
1700587489381 0.16940978169441223 31799
1700587492075 0.09391135722398758 31899
1700587494602 0.08200442790985107 31999
1700587497287 0.09703350812196732 32099
1700587499800 0.11254919320344925 32199
1700587502316 0.1303650438785553 32299
1700587504854 0.1240302175283432 32399
1700587507396 0.08845186233520508 32499
1700587509886 0.09971106052398682 32599
1700587512398 0.1257821023464203 32699
1700587514917 0.12527914345264435 32799
1700587517454 0.10292613506317139 32899
1700587520186 0.12796258926391602 32999
1700587522984 0.1883266270160675 33099
1700587525612 0.2009151428937912 33199
1700587528300 0.11502110213041306 33299
1700587530889 0.1286749690771103 33399
1700587533444 0.10107432305812836 33499
1700587535982 0.13366907835006714 33599
1700587538514 0.11120764911174774 33699
1700587541062 0.11715313792228699 33799
1700587543783 0.13243943452835083 33899
1700587546309 0.13667017221450806 33999
1700587548843 0.09122246503829956 34099
1700587551400 0.11859940737485886 34199
1700587553969 0.15407304465770721 34299
1700587556767 0.07870402187108994 34399
1700587559395 0.09319128096103668 34499
1700587561959 0.09308929741382599 34599
1700587564442 0.09630405157804489 34699
1700587566955 0.11628446727991104 34799
1700587569451 0.1015312597155571 34899
1700587572013 0.15722593665122986 34999
1700587574549 0.14357797801494598 35099
1700587577101 0.1641538143157959 35199
1700587579859 0.14093168079853058 35299
1700587582632 0.11919137835502625 35399
1700587585228 0.14382123947143555 35499
1700587587946 0.11529215425252914 35599
1700587590792 0.10546837747097015 35699
1700587593580 0.10046876221895218 35799
1700587596106 0.11871784925460815 35899
1700587598657 0.14627888798713684 35999
1700587601210 0.13187283277511597 36099
1700587603731 0.0943385511636734 36199
1700587606263 0.10831157863140106 36299
1700587608786 0.1353490799665451 36399
1700587611331 0.0954861044883728 36499
1700587613866 0.1046193391084671 36599
1700587616426 0.1259804368019104 36699
1700587619013 0.15281380712985992 36799
1700587621813 0.09533928334712982 36899
1700587624547 0.11364783346652985 36999
1700587627088 0.1490737497806549 37099
1700587629591 0.11026759445667267 37199
1700587632137 0.1085815578699112 37299
1700587634662 0.10512450337409973 37399
1700587637186 0.09921906888484955 37499
1700587639708 0.1110866516828537 37599
1700587642479 0.1401900351047516 37699
1700587645007 0.12950032949447632 37799
1700587647806 0.1106014996767044 37899
1700587650339 0.14274755120277405 37999
1700587653212 0.1552395224571228 38099
1700587656239 0.09658493846654892 38199
1700587658757 0.15515059232711792 38299
1700587661309 0.12352651357650757 38399
1700587663819 0.1226172223687172 38499
1700587666345 0.15808787941932678 38599
1700587668856 0.1672912836074829 38699
1700587671387 0.08640207350254059 38799
1700587673986 0.13859513401985168 38899
1700587676558 0.10552817583084106 38999
1700587679119 0.10792939364910126 39099
1700587681690 0.12101016938686371 39199
1700587684431 0.13580480217933655 39299
1700587687289 0.10436439514160156 39399
1700587689990 0.0950862467288971 39499
1700587692541 0.10556335747241974 39599
1700587695075 0.10152865946292877 39699
1700587697635 0.09895385801792145 39799
1700587700182 0.09118810296058655 39899
1700587702746 0.1689351499080658 39999
1700587705256 0.11980332434177399 40099
1700587707791 0.11064969003200531 40199
1700587710691 0.13342706859111786 40299
1700587713237 0.13909661769866943 40399
1700587715805 0.09343679249286652 40499
1700587718441 0.13779041171073914 40599
1700587721261 0.18083253502845764 40699
1700587723910 0.1520995795726776 40799
1700587726430 0.10556608438491821 40899
1700587728951 0.13574442267417908 40999
1700587731536 0.10264414548873901 41099
1700587734286 0.15702123939990997 41199
1700587736791 0.13236550986766815 41299
1700587739296 0.15577304363250732 41399
1700587741893 0.19975125789642334 41499
1700587744643 0.11395540833473206 41599
1700587747169 0.1505923867225647 41699
1700587749750 0.09866587072610855 41799
1700587752594 0.09805884212255478 41899
1700587755536 0.2023128867149353 41999
1700587758158 0.10932063311338425 42099
1700587761094 0.12352252006530762 42199
1700587763800 0.12956856191158295 42299
1700587766464 0.09844832867383957 42399
1700587769155 0.15700091421604156 42499
1700587771822 0.10186752676963806 42599
1700587774479 0.1417599469423294 42699
1700587777421 0.12709271907806396 42799
1700587780057 0.10718251764774323 42899
1700587782916 0.11816547811031342 42999
1700587785579 0.12565472722053528 43099
1700587788479 0.09496419131755829 43199
1700587791228 0.10425721108913422 43299
1700587793912 0.09323805570602417 43399
1700587796575 0.0964602679014206 43499
1700587799232 0.08505986630916595 43599
1700587801861 0.12502340972423553 43699
1700587804424 0.1300063282251358 43799
1700587806935 0.17177540063858032 43899
1700587809499 0.07388194650411606 43999
1700587812091 0.07140632718801498 44099
1700587814767 0.10627150535583496 44199
1700587817313 0.10505664348602295 44299
1700587819988 0.07463830709457397 44399
1700587823014 0.12447924166917801 44499
1700587825563 0.12439481914043427 44599
1700587828107 0.10318925976753235 44699
1700587830668 0.07616643607616425 44799
1700587833249 0.09458419680595398 44899
1700587835850 0.11029140651226044 44999
1700587838380 0.0943814367055893 45099
1700587841161 0.09602612257003784 45199
1700587843699 0.11128108203411102 45299
1700587846276 0.09130753576755524 45399
1700587848836 0.13101106882095337 45499
1700587851673 0.08261167258024216 45599
1700587854493 0.11554557085037231 45699
1700587857183 0.10938778519630432 45799
1700587859773 0.09852615743875504 45899
1700587862381 0.0795041024684906 45999
1700587865013 0.0815444216132164 46099
1700587867595 0.1412929892539978 46199
1700587870429 0.13607369363307953 46299
1700587873028 0.11629176139831543 46399
1700587875601 0.12465932965278625 46499
1700587878204 0.08989621698856354 46599
1700587880821 0.13828639686107635 46699
1700587883421 0.12211725115776062 46799
1700587886081 0.09068916738033295 46899
1700587888965 0.11516529321670532 46999
1700587891589 0.07509355992078781 47099
1700587894238 0.09938390552997589 47199
1700587896882 0.08976270258426666 47299
1700587899499 0.08033931255340576 47399
1700587902356 0.07857184112071991 47499
1700587904941 0.1076221913099289 47599
1700587907453 0.12078461050987244 47699
1700587910040 0.12683989107608795 47799
1700587912667 0.12123838067054749 47899
1700587915277 0.09018800407648087 47999
1700587917894 0.1217426061630249 48099
1700587920685 0.0998370349407196 48199
1700587923539 0.0846734344959259 48299
1700587926194 0.1138543039560318 48399
1700587929023 0.10806599259376526 48499
1700587931642 0.08174210786819458 48599
1700587934253 0.07961873710155487 48699
1700587936888 0.08275112509727478 48799
1700587939502 0.08540084958076477 48899
1700587942134 0.10777932405471802 48999
1700587944730 0.11514901369810104 49099
1700587947315 0.08828181028366089 49199
1700587949914 0.09428752958774567 49299
1700587952783 0.10885733366012573 49399
1700587955792 0.07001116126775742 49499
1700587958534 0.07897502183914185 49599
1700587961170 0.10724058002233505 49699
1700587963758 0.12488003820180893 49799
1700587966379 0.09946851432323456 49899
1700587968962 0.10745002329349518 49999
1700587971548 0.07866185158491135 50099
1700587974196 0.10411548614501953 50199
1700587976959 0.10345113277435303 50299
1700587979487 0.08836454898118973 50399
1700587982043 0.09058011323213577 50499
1700587984660 0.08416904509067535 50599
1700587987341 0.14857040345668793 50699
1700587990472 0.09237605333328247 50799
1700587993034 0.09736829996109009 50899
1700587995619 0.09784816205501556 50999
1700587998167 0.11835360527038574 51099
1700588000757 0.10127361118793488 51199
1700588003342 0.06056617572903633 51299
1700588005908 0.14252889156341553 51399
1700588008679 0.10235994309186935 51499
1700588011279 0.09232516586780548 51599
1700588014034 0.11752822995185852 51699
1700588016625 0.16587960720062256 51799
1700588019187 0.13970503211021423 51899
1700588021908 0.14373332262039185 51999
1700588024759 0.15884405374526978 52099
1700588027358 0.09062671661376953 52199
1700588029997 0.13008849322795868 52299
1700588032627 0.15243394672870636 52399
1700588035243 0.11005190759897232 52499
1700588038062 0.11853857338428497 52599
1700588040740 0.16866087913513184 52699
1700588043375 0.10737201571464539 52799
1700588046021 0.12445765733718872 52899
1700588048659 0.1756437122821808 52999
1700588051294 0.08721377700567245 53099
1700588053898 0.07810419052839279 53199
1700588056702 0.10344818979501724 53299
1700588059458 0.10032504796981812 53399
1700588062066 0.09977496415376663 53499
1700588064710 0.11735565215349197 53599
1700588067300 0.1429978311061859 53699
1700588070158 0.1420304775238037 53799
1700588072752 0.12456685304641724 53899
1700588075351 0.1385660171508789 53999
1700588077962 0.15176448225975037 54099
1700588080630 0.13870146870613098 54199
1700588083223 0.09930305182933807 54299
1700588085815 0.08807780593633652 54399
1700588088409 0.13113829493522644 54499
1700588091529 0.15539754927158356 54599
1700588094378 0.10310009866952896 54699
1700588097219 0.11193625628948212 54799
1700588099793 0.11828276515007019 54899
1700588102436 0.135942742228508 54999
1700588105040 0.06804157793521881 55099
1700588107720 0.09819870442152023 55199
1700588110344 0.08765251934528351 55299
1700588112932 0.05099029466509819 55399
1700588115507 0.10060837864875793 55499
1700588118147 0.14397591352462769 55599
1700588120999 0.07516542822122574 55699
1700588123842 0.09668241441249847 55799
1700588126767 0.09998087584972382 55899
1700588129458 0.07040878385305405 55999
1700588132077 0.10310231894254684 56099
1700588134710 0.14453287422657013 56199
1700588137352 0.11254382878541946 56299
1700588140013 0.09000156819820404 56399
1700588142581 0.0737975537776947 56499
1700588145189 0.13547612726688385 56599
1700588148006 0.07801000773906708 56699
1700588150607 0.08550325781106949 56799
1700588153216 0.08397407829761505 56899
1700588155948 0.0791601687669754 56999
1700588158954 0.11910155415534973 57099
1700588161831 0.12361951172351837 57199
1700588164451 0.09786007553339005 57299
1700588167047 0.08338582515716553 57399
1700588169687 0.08405560255050659 57499
1700588172331 0.11800064146518707 57599
1700588174888 0.10550862550735474 57699
1700588177763 0.08818958699703217 57799
1700588180406 0.06571372598409653 57899
1700588183269 0.10313315689563751 57999
1700588185862 0.08476901799440384 58099
1700588188623 0.06849995255470276 58199
1700588191223 0.14333957433700562 58299
1700588194123 0.14783552289009094 58399
1700588196904 0.13326683640480042 58499
1700588199533 0.08317972719669342 58599
1700588202152 0.09542083740234375 58699
1700588204743 0.1061234176158905 58799
1700588207293 0.07224658876657486 58899
1700588210105 0.12841933965682983 58999
1700588212690 0.1039694994688034 59099
1700588215242 0.09929527342319489 59199
1700588217816 0.10404904186725616 59299
1700588220610 0.09111674129962921 59399
1700588223183 0.1318514496088028 59499
1700588225800 0.09872787445783615 59599
1700588228666 0.12329655140638351 59699
1700588231421 0.11604924499988556 59799
1700588234060 0.1391426920890808 59899
1700588236634 0.09107296168804169 59999
1700588239215 0.09511339664459229 60099
1700588242082 0.11132431030273438 60199
1700588244677 0.06424851715564728 60299
1700588247231 0.12007304280996323 60399
1700588249809 0.09939555823802948 60499
1700588252556 0.07646643370389938 60599
1700588255121 0.1661994755268097 60699
1700588257727 0.08769820630550385 60799
1700588260413 0.12319204211235046 60899
1700588263453 0.15508846938610077 60999
1700588266414 0.1090787947177887 61099
1700588268983 0.07595983892679214 61199
1700588271622 0.08374682068824768 61299
1700588274324 0.11402830481529236 61399
1700588276909 0.07962170988321304 61499
1700588279507 0.0944375991821289 61599
1700588282263 0.09361004084348679 61699
1700588284942 0.09419720619916916 61799
1700588287539 0.10460034012794495 61899
1700588290354 0.1333041936159134 61999
1700588293019 0.11182105541229248 62099
1700588295812 0.10017409920692444 62199
