1700586516586 0.8240290284156799 99
1700586519756 0.9356986284255981 199
1700586522895 0.772966742515564 299
1700586526092 2.6179728507995605 399
1700586529251 0.8824471235275269 499
1700586532415 2.398041009902954 599
1700586535474 0.9413374662399292 699
1700586538660 1.8299745321273804 799
1700586541863 0.9690546989440918 899
1700586545002 0.7776069045066833 999
1700586548050 1.449004054069519 1099
1700586551101 0.7322546243667603 1199
1700586554055 0.8267280459403992 1299
1700586557956 0.7839305996894836 1399
1700586561009 0.9393259286880493 1499
1700586564050 0.8847544193267822 1599
1700586567188 0.8712722659111023 1699
1700586570222 0.6553534865379333 1799
1700586573281 0.8293739557266235 1899
1700586576367 0.7507036924362183 1999
1700586579585 0.7705756425857544 2099
1700586582655 0.9248171448707581 2199
1700586585803 0.9262404441833496 2299
1700586589074 1.8041867017745972 2399
1700586592202 0.85877525806427 2499
1700586595262 0.5343656539916992 2599
1700586598441 0.9173359274864197 2699
1700586601587 0.3820649981498718 2799
1700586604800 0.9121490716934204 2899
1700586607960 2.279571294784546 2999
1700586611004 0.7678152918815613 3099
1700586614003 1.9621973037719727 3199
1700586616986 0.7257511019706726 3299
1700586620196 0.891338050365448 3399
1700586623215 0.9641169309616089 3499
1700586626329 0.8360373973846436 3599
1700586629440 1.2982017993927002 3699
1700586632476 1.4916865825653076 3799
1700586635628 0.7988685369491577 3899
1700586638729 0.9384469389915466 3999
1700586641815 0.7192688584327698 4099
1700586644844 0.9423803091049194 4199
1700586647909 0.8082329034805298 4299
1700586650987 1.00725519657135 4399
1700586654075 0.850767970085144 4499
1700586657135 0.9734353423118591 4599
1700586660260 0.8472411036491394 4699
1700586663373 0.834287703037262 4799
1700586666458 0.9407863616943359 4899
1700586669673 0.8369929194450378 4999
1700586672704 0.8548547625541687 5099
1700586675767 0.8354907631874084 5199
1700586678905 0.9059000015258789 5299
1700586682001 1.1018939018249512 5399
1700586684958 1.4167201519012451 5499
1700586688157 1.0037649869918823 5599
1700586691233 0.5799679756164551 5699
1700586694168 1.269823670387268 5799
1700586697251 0.9158331751823425 5899
1700586700244 1.1274691820144653 5999
1700586703219 0.7333167791366577 6099
1700586706187 0.945891261100769 6199
1700586709279 0.5570290684700012 6299
1700586712374 0.862658679485321 6399
1700586715546 0.9010149240493774 6499
1700586718573 0.979543924331665 6599
1700586721637 1.2562801837921143 6699
1700586724720 0.9309428334236145 6799
1700586727824 1.3022856712341309 6899
1700586730864 0.8839817643165588 6999
1700586733850 0.8868329524993896 7099
1700586737054 0.8969219923019409 7199
1700586740255 0.5401949286460876 7299
1700586743218 0.7216432690620422 7399
1700586746374 0.6675980091094971 7499
1700586749447 1.004165768623352 7599
1700586752586 0.8154643774032593 7699
1700586755643 0.8359192609786987 7799
1700586758884 0.7884854674339294 7899
1700586762076 0.6511297225952148 7999
1700586765163 0.8682349920272827 8099
1700586768198 2.804786205291748 8199
1700586771294 0.8875343203544617 8299
1700586774373 0.9126221537590027 8399
1700586777612 0.5838972330093384 8499
1700586780660 0.9230681657791138 8599
1700586783816 0.8678842782974243 8699
1700586786922 0.9875112175941467 8799
1700586790032 0.9313660264015198 8899
1700586793608 0.8385320901870728 8999
1700586796559 0.4987325966358185 9099
1700586799692 0.9270061254501343 9199
1700586802660 0.5300293564796448 9299
1700586805736 0.8891324996948242 9399
1700586808897 0.4488535225391388 9499
1700586812006 0.6695681214332581 9599
1700586815132 0.578700602054596 9699
1700586818264 0.5388874411582947 9799
1700586821466 0.6284303665161133 9899
1700586824523 0.3752327263355255 9999
1700586827596 0.6326120495796204 10099
1700586830726 0.8082063794136047 10199
1700586833708 0.5544381141662598 10299
1700586836774 1.0090895891189575 10399
1700586839990 0.8844442963600159 10499
1700586843052 0.8125779628753662 10599
1700586846079 0.930280864238739 10699
1700586849260 1.6955868005752563 10799
1700586852392 0.8976385593414307 10899
1700586855640 0.7588089108467102 10999
1700586858726 0.9576560258865356 11099
1700586861752 0.7048853635787964 11199
1700586864816 0.8487264513969421 11299
1700586867925 0.899878203868866 11399
1700586871180 0.8393673896789551 11499
1700586874324 1.2098727226257324 11599
1700586877350 0.8467910885810852 11699
1700586880399 0.5125395655632019 11799
1700586883446 1.698885202407837 11899
1700586886667 0.8598250150680542 11999
1700586889745 0.9519208669662476 12099
1700586892789 0.8640521764755249 12199
1700586895824 0.810406506061554 12299
1700586898974 0.6659123301506042 12399
1700586902064 0.9367853999137878 12499
1700586905057 0.933461606502533 12599
1700586908132 1.7747682332992554 12699
1700586911167 0.4435123801231384 12799
1700586914248 0.6378962993621826 12899
1700586917572 0.8466765880584717 12999
1700586920697 0.7771227955818176 13099
1700586923738 0.7028273940086365 13199
1700586926821 0.652916431427002 13299
1700586930044 0.38131123781204224 13399
1700586933481 0.8895769715309143 13499
1700586936637 0.7800126671791077 13599
1700586939849 0.8663898706436157 13699
1700586943007 0.6256719827651978 13799
1700586946171 0.8473837375640869 13899
1700586949386 0.6488247513771057 13999
1700586952462 0.732944667339325 14099
1700586955526 0.4191036522388458 14199
1700586958702 0.8611932396888733 14299
1700586961774 0.8647488355636597 14399
1700586965027 0.41151678562164307 14499
1700586968113 0.8941073417663574 14599
1700586971255 0.7968433499336243 14699
1700586974388 0.5098800659179688 14799
1700586977484 0.8251709938049316 14899
1700586980654 0.9704272747039795 14999
1700586983712 0.8357977867126465 15099
1700586986766 0.7668086290359497 15199
1700586989811 0.9239479899406433 15299
1700586992832 0.5783753395080566 15399
1700586996139 0.4022316038608551 15499
1700586999361 1.7940880060195923 15599
1700587002492 0.8075582981109619 15699
1700587005523 0.952380895614624 15799
1700587008777 0.9242560863494873 15899
1700587012057 0.8400229215621948 15999
1700587015074 0.48915597796440125 16099
1700587018269 0.8885474801063538 16199
1700587021469 0.46153873205184937 16299
1700587024525 1.0837478637695312 16399
1700587028196 0.44439658522605896 16499
1700587031324 1.2369000911712646 16599
1700587034412 0.7515992522239685 16699
1700587037546 3.3631906509399414 16799
1700587040535 0.8003624081611633 16899
1700587043838 0.5442067384719849 16999
1700587046952 0.9059513211250305 17099
1700587050112 1.062429666519165 17199
1700587053180 1.1621419191360474 17299
1700587056248 0.7724290490150452 17399
1700587059466 2.1238036155700684 17499
1700587062602 0.332422137260437 17599
1700587065714 0.7465616464614868 17699
1700587068703 0.4575845003128052 17799
1700587071727 1.1369068622589111 17899
1700587074932 1.0120946168899536 17999
1700587078062 0.7620162963867188 18099
1700587081056 0.9282437562942505 18199
1700587084158 0.6304001212120056 18299
1700587087282 0.7560936808586121 18399
1700587090522 1.2433336973190308 18499
1700587093570 0.627327561378479 18599
1700587096612 0.42618969082832336 18699
1700587099687 0.6641101241111755 18799
1700587102785 0.5882008075714111 18899
1700587105861 0.7731638550758362 18999
1700587109039 2.2645962238311768 19099
1700587112111 1.010160207748413 19199
1700587115189 0.8300093412399292 19299
1700587118339 1.3089245557785034 19399
1700587121509 0.9238188862800598 19499
1700587124618 1.7143083810806274 19599
1700587127737 1.170522928237915 19699
1700587130804 0.6899220943450928 19799
1700587133873 0.7111414670944214 19899
1700587137042 0.6786840558052063 19999
1700587140303 0.7999342679977417 20099
1700587143426 0.7698031663894653 20199
1700587146577 0.6338933110237122 20299
1700587149699 2.2225279808044434 20399
1700587152967 1.0622007846832275 20499
1700587156078 0.9214226603507996 20599
1700587159230 0.6295912861824036 20699
1700587162392 0.7956135869026184 20799
1700587165550 0.2498266100883484 20899
1700587168753 0.8295600414276123 20999
1700587172102 0.3042530417442322 21099
1700587175261 0.36513933539390564 21199
1700587178418 0.8489317297935486 21299
1700587181600 0.7756316661834717 21399
1700587184840 1.2149159908294678 21499
1700587188039 1.636048674583435 21599
1700587191171 0.9922460913658142 21699
1700587194283 0.5602560043334961 21799
1700587197460 0.3863694369792938 21899
1700587200551 0.8872343301773071 21999
1700587203940 0.9095533490180969 22099
1700587207120 0.8505830764770508 22199
1700587210341 0.9518652558326721 22299
1700587213573 0.8282442688941956 22399
1700587216714 1.7319226264953613 22499
1700587219899 0.7628793716430664 22599
1700587223035 1.4112930297851562 22699
1700587226139 0.46175241470336914 22799
1700587229297 1.0136958360671997 22899
1700587232324 1.3797138929367065 22999
1700587235603 0.5839038491249084 23099
1700587238726 0.8873840570449829 23199
1700587241917 0.8284912705421448 23299
1700587245082 1.516487717628479 23399
1700587248239 0.8011052012443542 23499
1700587251399 0.8344882130622864 23599
1700587254563 0.8609153032302856 23699
1700587257759 0.6726130247116089 23799
1700587260986 0.9639742374420166 23899
1700587264055 1.0475407838821411 23999
1700587267775 0.8576563000679016 24099
1700587270905 1.0357025861740112 24199
1700587273968 1.5718234777450562 24299
1700587277164 0.7939167022705078 24399
1700587280166 0.6689391136169434 24499
1700587283259 0.8852695822715759 24599
1700587286347 1.0468082427978516 24699
1700587289497 2.9955673217773438 24799
1700587292521 0.9281244277954102 24899
1700587295609 1.1362026929855347 24999
1700587298695 1.4790436029434204 25099
1700587301958 0.8019793629646301 25199
1700587304992 0.35258057713508606 25299
1700587308246 1.01692795753479 25399
1700587311333 1.2290178537368774 25499
1700587314337 3.458998680114746 25599
1700587317427 1.0077130794525146 25699
1700587320657 0.8688997626304626 25799
1700587323712 0.9105930924415588 25899
1700587326688 0.9401195645332336 25999
1700587329769 0.8518905639648438 26099
1700587333016 0.8867107033729553 26199
1700587336090 0.8755297660827637 26299
1700587339323 1.5333268642425537 26399
1700587342385 1.1837892532348633 26499
1700587345542 1.8054487705230713 26599
1700587348645 0.8708534240722656 26699
1700587351732 0.850601077079773 26799
1700587354820 1.5483853816986084 26899
1700587357862 0.7993901371955872 26999
1700587360845 0.7250356674194336 27099
1700587363978 0.7990670800209045 27199
1700587367162 0.8339574337005615 27299
1700587370321 0.4937993884086609 27399
1700587373432 0.92603600025177 27499
1700587376465 0.42232799530029297 27599
1700587379568 0.8900802135467529 27699
1700587382751 0.7376880645751953 27799
1700587385790 0.65958172082901 27899
1700587388840 1.4655214548110962 27999
1700587391925 1.6631450653076172 28099
1700587394979 0.8642871379852295 28199
1700587398272 1.1483887434005737 28299
1700587401464 0.7872117757797241 28399
1700587404502 0.8218349814414978 28499
1700587407559 0.49192124605178833 28599
1700587410609 0.777831494808197 28699
1700587413734 1.2972745895385742 28799
1700587416742 0.8957086205482483 28899
1700587419796 0.4443991184234619 28999
1700587422875 0.8969959020614624 29099
1700587426070 0.6483660936355591 29199
1700587429243 0.9067965149879456 29299
1700587432491 1.55106520652771 29399
1700587435631 0.9727579951286316 29499
1700587438756 0.9946389198303223 29599
1700587441870 1.464357852935791 29699
1700587444916 0.9857655167579651 29799
1700587448034 1.215654969215393 29899
1700587451107 0.6142811179161072 29999
1700587454229 0.7707239389419556 30099
1700587457288 1.0585334300994873 30199
1700587460404 1.4353302717208862 30299
1700587463810 0.8391908407211304 30399
1700587467027 0.8471089005470276 30499
1700587470101 1.5259770154953003 30599
1700587473183 0.3278467357158661 30699
1700587476260 0.8528648614883423 30799
1700587479383 0.9121614694595337 30899
1700587482420 0.8362436294555664 30999
1700587485495 0.8778255581855774 31099
1700587488586 0.6960394978523254 31199
1700587491717 0.6963578462600708 31299
1700587494943 1.4818862676620483 31399
1700587498411 0.8974916934967041 31499
1700587502039 0.9776545166969299 31599
1700587505130 0.952706515789032 31699
1700587508303 0.5893126726150513 31799
1700587511436 0.5500039458274841 31899
1700587514484 0.4830307066440582 31999
1700587517584 0.8533767461776733 32099
1700587520647 0.9811790585517883 32199
1700587523760 0.827075183391571 32299
1700587526949 1.599858283996582 32399
1700587530433 1.0470151901245117 32499
1700587533567 1.1456425189971924 32599
1700587536704 2.0427258014678955 32699
1700587539780 1.8333041667938232 32799
1700587542897 0.7038357853889465 32899
1700587545988 0.7174345850944519 32999
1700587549060 0.9538635611534119 33099
1700587552178 0.4609549343585968 33199
1700587555353 0.6723373532295227 33299
1700587558573 0.5848901271820068 33399
1700587561862 0.938031017780304 33499
1700587565085 1.0014907121658325 33599
1700587568191 1.1921725273132324 33699
1700587571222 0.7227957248687744 33799
1700587574332 0.763333261013031 33899
1700587577429 0.796393096446991 33999
1700587580446 0.7631291747093201 34099
1700587583563 0.9201967120170593 34199
1700587586709 0.8468368649482727 34299
1700587589943 0.8450692296028137 34399
1700587593113 1.1060587167739868 34499
1700587596469 0.7971764802932739 34599
1700587599591 1.0422953367233276 34699
1700587602630 0.5723556280136108 34799
1700587605718 0.4874294102191925 34899
1700587608815 0.9312209486961365 34999
1700587611809 0.8913218379020691 35099
1700587614903 0.8416651487350464 35199
1700587618077 1.0902526378631592 35299
1700587621254 1.2698570489883423 35399
1700587624288 0.9850610494613647 35499
1700587627615 0.7281472086906433 35599
1700587630821 0.44426429271698 35699
1700587633956 0.6141716241836548 35799
1700587637010 0.8510828018188477 35899
1700587640205 0.9048017859458923 35999
1700587643276 1.0580538511276245 36099
1700587646416 0.8771457672119141 36199
1700587649498 0.6656753420829773 36299
1700587652701 1.472601056098938 36399
1700587655882 0.8618188500404358 36499
1700587658991 0.9225698113441467 36599
1700587662229 0.7007372379302979 36699
1700587665318 0.8147124648094177 36799
1700587668459 0.6140846014022827 36899
1700587671568 0.8143470883369446 36999
1700587674711 0.7697691321372986 37099
1700587677895 1.1864486932754517 37199
1700587681003 0.7240195870399475 37299
1700587684189 0.9188330173492432 37399
1700587687418 0.7903581261634827 37499
1700587690489 1.130874752998352 37599
1700587693630 1.290290355682373 37699
1700587696811 1.985612154006958 37799
1700587699931 0.9381792545318604 37899
1700587703035 0.7496515512466431 37999
1700587706151 1.3073703050613403 38099
1700587709276 0.5656386017799377 38199
1700587712366 1.038278341293335 38299
1700587715551 1.290931224822998 38399
1700587718712 1.1426361799240112 38499
1700587721872 1.292069673538208 38599
1700587724956 0.49401044845581055 38699
1700587728282 0.811905026435852 38799
1700587731463 2.108311653137207 38899
1700587734672 0.7050342559814453 38999
1700587738310 0.7045199871063232 39099
1700587741367 0.7159281969070435 39199
1700587744459 1.9714641571044922 39299
1700587747603 0.868449330329895 39399
1700587750624 0.7616639733314514 39499
1700587753676 1.2134133577346802 39599
1700587756810 0.8574512004852295 39699
1700587760028 0.5311882495880127 39799
1700587763245 0.7184978127479553 39899
1700587766348 0.9661884903907776 39999
1700587769419 0.8224998116493225 40099
1700587772513 1.073594570159912 40199
1700587775606 0.9821808338165283 40299
1700587778784 0.9676265120506287 40399
1700587781911 0.7540541887283325 40499
1700587784978 0.7732036113739014 40599
1700587788167 0.7723812460899353 40699
1700587791282 1.1212931871414185 40799
1700587794519 0.8364189267158508 40899
1700587797735 0.8688774704933167 40999
1700587800753 0.8708481192588806 41099
1700587803839 0.9426405429840088 41199
1700587806932 0.6348772644996643 41299
1700587810071 0.9328534603118896 41399
1700587813206 1.1747132539749146 41499
1700587816333 0.9452811479568481 41599
1700587819432 1.0781954526901245 41699
1700587822532 1.3275797367095947 41799
1700587825626 0.8438237905502319 41899
1700587829071 0.929066002368927 41999
1700587832124 1.1230398416519165 42099
1700587835201 0.8591169714927673 42199
1700587838325 0.7059946656227112 42299
1700587841459 0.8565876483917236 42399
1700587844642 0.8613737225532532 42499
1700587847799 1.661821961402893 42599
1700587850879 0.6391518712043762 42699
1700587853968 1.9476879835128784 42799
1700587857035 0.8209138512611389 42899
1700587860268 0.8687875866889954 42999
1700587863534 0.8398434519767761 43099
1700587866606 0.8359465003013611 43199
1700587869851 0.9966639280319214 43299
1700587872997 0.8874906897544861 43399
1700587876121 0.668150782585144 43499
1700587879274 0.7721567749977112 43599
1700587882433 0.8228104710578918 43699
1700587885574 0.9804596900939941 43799
1700587888771 1.0339590311050415 43899
1700587891948 0.7757602334022522 43999
1700587895244 0.8169475197792053 44099
1700587898530 0.6244978308677673 44199
1700587901668 0.8955746293067932 44299
1700587904807 1.0662058591842651 44399
1700587907935 0.6317030191421509 44499
1700587911092 0.8101454377174377 44599
1700587914243 1.1674917936325073 44699
1700587917368 0.906511664390564 44799
1700587920435 0.5990154147148132 44899
1700587923453 0.6542580127716064 44999
1700587926636 0.8041987419128418 45099
1700587930096 0.717957615852356 45199
1700587933196 0.8443821668624878 45299
1700587936315 0.9102930426597595 45399
1700587939475 1.0847233533859253 45499
1700587942591 0.8615246415138245 45599
1700587945655 0.6850153207778931 45699
1700587948805 0.9647374749183655 45799
1700587951927 0.6112370491027832 45899
1700587955053 0.758245050907135 45999
1700587958241 0.7008644342422485 46099
1700587961500 0.8443046808242798 46199
1700587964764 0.7105363607406616 46299
1700587967827 1.5087555646896362 46399
1700587971009 0.9621683359146118 46499
1700587974527 0.8010641932487488 46599
1700587977969 0.7102486491203308 46699
1700587981150 0.7646827697753906 46799
1700587984342 0.773908793926239 46899
1700587987528 0.6082544326782227 46999
1700587990651 0.8898682594299316 47099
1700587993804 0.9867331981658936 47199
1700587997136 0.9672804474830627 47299
1700588000377 0.7227817177772522 47399
1700588003453 0.41857603192329407 47499
1700588006570 1.04069185256958 47599
1700588009743 1.0935519933700562 47699
1700588012914 1.189820647239685 47799
1700588016043 0.39728716015815735 47899
1700588019283 0.8687161207199097 47999
1700588022493 1.3569704294204712 48099
1700588025746 1.3984148502349854 48199
1700588029010 1.7512354850769043 48299
1700588032318 0.5155945420265198 48399
1700588035472 0.9131622910499573 48499
1700588038698 0.9632778167724609 48599
1700588041855 0.8499996662139893 48699
1700588044989 0.7472884058952332 48799
1700588048147 2.33413028717041 48899
1700588051404 0.8571244478225708 48999
1700588054532 0.7516493797302246 49099
1700588057817 1.100060224533081 49199
1700588060968 0.7773674726486206 49299
1700588064269 0.7817322015762329 49399
1700588067538 0.5464547872543335 49499
1700588070637 0.933088481426239 49599
1700588073773 0.8722905516624451 49699
1700588076937 0.7563703656196594 49799
1700588080104 0.5255296230316162 49899
1700588083287 0.3209989666938782 49999
1700588086511 1.3212850093841553 50099
1700588089845 0.6818585395812988 50199
1700588093067 0.8163042068481445 50299
1700588096214 0.8946396708488464 50399
1700588099644 1.0778100490570068 50499
1700588102820 0.8731648325920105 50599
1700588105918 0.837584912776947 50699
1700588109079 0.664718508720398 50799
1700588112242 0.7149071097373962 50899
1700588115365 0.8248196244239807 50999
1700588118664 0.7521607279777527 51099
1700588121743 0.9079601764678955 51199
1700588124906 0.4978329539299011 51299
1700588128005 1.022341251373291 51399
1700588131259 0.7148949503898621 51499
1700588134617 0.9357849955558777 51599
1700588137867 0.9444761872291565 51699
1700588141100 0.8791391253471375 51799
1700588144298 0.7174500226974487 51899
1700588147480 0.7415536046028137 51999
1700588150731 0.8950185179710388 52099
1700588153735 1.126257061958313 52199
1700588156884 0.5636401176452637 52299
1700588160117 0.7386345267295837 52399
1700588163246 0.5158883333206177 52499
1700588166566 0.7806352376937866 52599
1700588169882 0.8709399104118347 52699
1700588173049 0.7592747211456299 52799
1700588176207 0.7402633428573608 52899
1700588179358 0.605301558971405 52999
1700588182704 0.6743346452713013 53099
1700588185797 0.740578293800354 53199
1700588188955 1.0576549768447876 53299
1700588192150 0.8621636033058167 53399
1700588195287 0.7907609939575195 53499
1700588198495 0.7957160472869873 53599
1700588201884 1.172836422920227 53699
1700588205034 0.7745069861412048 53799
1700588208297 0.8196868300437927 53899
1700588211547 0.7600669264793396 53999
1700588214953 0.6851255893707275 54099
1700588218469 0.9550709128379822 54199
1700588221685 0.9717121720314026 54299
1700588224841 0.6623343229293823 54399
1700588228028 1.7505844831466675 54499
1700588231128 1.4199239015579224 54599
1700588234384 0.8444564342498779 54699
1700588237778 1.2584346532821655 54799
1700588240849 0.7747915983200073 54899
1700588244129 0.5577959418296814 54999
1700588247192 1.0160459280014038 55099
1700588250362 0.845123827457428 55199
1700588253489 1.175371527671814 55299
1700588256591 0.7801473736763 55399
1700588259807 0.4890831410884857 55499
1700588262972 0.7573035955429077 55599
1700588266124 0.6818345189094543 55699
1700588269509 0.8968203067779541 55799
1700588272853 0.7747092247009277 55899
1700588276132 0.7871623039245605 55999
1700588279344 0.4926510453224182 56099
1700588282354 0.8118312358856201 56199
1700588285520 1.2930481433868408 56299
1700588288710 0.4672790765762329 56399
1700588291857 0.6084367632865906 56499
1700588295029 0.8647090196609497 56599
1700588298194 0.7929442524909973 56699
1700588301385 0.8697104454040527 56799
1700588304739 0.6434943675994873 56899
1700588308264 0.8402581214904785 56999
1700588311500 0.7233650088310242 57099
1700588314763 1.1104463338851929 57199
1700588317948 0.46461808681488037 57299
1700588321115 0.3083513379096985 57399
1700588324271 0.665155827999115 57499
1700588327558 0.6744173765182495 57599
1700588330712 0.5525485873222351 57699
1700588333787 0.8988131284713745 57799
1700588337178 0.5692527294158936 57899
1700588340843 0.7744199633598328 57999
1700588344160 1.3358960151672363 58099
1700588347409 0.39570289850234985 58199
1700588350605 0.7995516657829285 58299
1700588353807 0.7506899833679199 58399
1700588356966 0.7521945834159851 58499
1700588360156 0.6661854386329651 58599
1700588363369 0.5839191675186157 58699
1700588366525 0.8032094240188599 58799
1700588369907 0.5634092688560486 58899
1700588373312 1.7464176416397095 58999
1700588376655 0.6959887742996216 59099
1700588379863 1.220231056213379 59199
1700588383103 0.828871488571167 59299
1700588386252 1.8199611902236938 59399
1700588389583 0.33361631631851196 59499
1700588392770 0.729358434677124 59599
1700588395954 0.7773539423942566 59699
1700588399143 0.7542153000831604 59799
1700588402469 0.9456885457038879 59899
1700588405657 0.7832540273666382 59999
1700588409130 0.9652740359306335 60099
1700588412411 1.2498921155929565 60199
1700588415546 0.47107985615730286 60299
1700588418858 0.4779486358165741 60399
1700588421959 0.5950679779052734 60499
1700588425216 0.7662635445594788 60599
1700588428470 1.0797183513641357 60699
1700588431779 0.7038387060165405 60799
1700588435007 0.5429956912994385 60899
1700588438335 0.6721715331077576 60999
1700588441634 1.0972846746444702 61099
1700588445056 0.5576350092887878 61199
1700588448324 1.1652357578277588 61299
1700588451631 0.8391580581665039 61399
1700588454890 0.9158243536949158 61499
1700588458124 0.9634097814559937 61599
1700588461705 0.6415904760360718 61699
1700588465334 0.5121297836303711 61799
1700588468617 1.2683786153793335 61899
1700588471800 0.7101816534996033 61999
1700588474961 0.6621813774108887 62099
1700588478447 1.2524999380111694 62199
