1700586662704 0.1457221806049347 99
1700586665021 0.05318063870072365 199
1700586667330 0.12383385747671127 299
1700586669620 0.06224098801612854 399
1700586672020 0.033972807228565216 499
1700586674281 0.9056655168533325 599
1700586676559 0.042144473642110825 699
1700586678847 0.03096817247569561 799
1700586681296 0.9213647246360779 899
1700586683575 0.055637177079916 999
1700586685902 0.06759398430585861 1099
1700586688159 0.2949070930480957 1199
1700586690521 0.024752246215939522 1299
1700586692824 0.03561592102050781 1399
1700586695108 0.0335841029882431 1499
1700586697415 0.03956196829676628 1599
1700586699665 0.007978664711117744 1699
1700586701963 0.021777017042040825 1799
1700586704332 0.01275931391865015 1899
1700586707292 0.5881788730621338 1999
1700586709572 0.1898052841424942 2099
1700586712027 0.1911870539188385 2199
1700586714262 0.015245257876813412 2299
1700586716485 0.02297067455947399 2399
1700586718740 0.017770742997527122 2499
1700586721157 0.007492393255233765 2599
1700586723409 0.3402663767337799 2699
1700586725652 0.009914771653711796 2799
1700586727865 0.010993298143148422 2899
1700586730112 1.7455276250839233 2999
1700586732396 0.07729760557413101 3099
1700586734733 0.022119857370853424 3199
1700586736998 0.034845203161239624 3299
1700586739356 0.020323442295193672 3399
1700586741681 0.0051403106190264225 3499
1700586744124 0.06299744546413422 3599
1700586746363 0.916270911693573 3699
1700586748626 0.032592229545116425 3799
1700586751034 0.1775338500738144 3899
1700586753402 0.1524711549282074 3999
1700586755689 0.030025003477931023 4099
1700586758027 0.536140501499176 4199
1700586760309 0.021700669080018997 4299
1700586762622 0.06522310525178909 4399
1700586764991 0.05221632868051529 4499
1700586767280 0.2873424291610718 4599
1700586769568 0.0786684900522232 4699
1700586771885 0.013568740338087082 4799
1700586774213 0.023829123005270958 4899
1700586776566 0.04155578464269638 4999
1700586778869 0.05095021799206734 5099
1700586781174 0.038206879049539566 5199
1700586783524 0.06234429031610489 5299
1700586785805 0.01940011791884899 5399
1700586788063 0.05801711603999138 5499
1700586790321 0.028439847752451897 5599
1700586792602 0.02438521571457386 5699
1700586794880 0.014028164558112621 5799
1700586797135 0.3667086064815521 5899
1700586799394 0.010285696014761925 5999
1700586801663 0.026883473619818687 6099
1700586803928 0.02688061259686947 6199
1700586806295 0.13543760776519775 6299
1700586808583 0.019222337752580643 6399
1700586810847 0.3144713342189789 6499
1700586813185 0.0262924674898386 6599
1700586815462 0.3914441466331482 6699
1700586817732 0.012432528659701347 6799
1700586819979 0.01828290894627571 6899
1700586822305 0.021324750036001205 6999
1700586824542 0.0648784413933754 7099
1700586826887 0.09323660284280777 7199
1700586829123 0.03147326782345772 7299
1700586831462 0.10150734335184097 7399
1700586833710 0.6741310954093933 7499
1700586835992 0.22709758579730988 7599
1700586838496 0.015046409331262112 7699
1700586840828 0.008867816999554634 7799
1700586843135 0.020329779013991356 7899
1700586845568 0.010816918686032295 7999
1700586847856 0.1132684126496315 8099
1700586850204 0.020779186859726906 8199
1700586852569 0.042074352502822876 8299
1700586854879 0.023723799735307693 8399
1700586857185 0.008427278138697147 8499
1700586859495 0.029613086953759193 8599
1700586861806 0.04050910472869873 8699
1700586864085 0.011662784963846207 8799
1700586866420 0.018429787829518318 8899
1700586868754 0.0425335057079792 8999
1700586871252 0.007053975947201252 9099
1700586873516 0.024514909833669662 9199
1700586875942 0.15167810022830963 9299
1700586878275 0.022458983585238457 9399
1700586880618 0.023354576900601387 9499
1700586883430 0.07055024057626724 9599
1700586885723 0.011101956479251385 9699
1700586888037 0.08715001493692398 9799
1700586890302 0.010128203779459 9899
1700586892616 0.002155938418582082 9999
1700586894912 0.14530348777770996 10099
1700586897191 0.006990359630435705 10199
1700586899458 0.035218995064496994 10299
1700586901921 0.12024704366922379 10399
1700586904247 0.020840445533394814 10499
1700586906545 0.04674293473362923 10599
1700586908841 0.034572672098875046 10699
1700586911168 0.02321329526603222 10799
1700586913429 0.06724324077367783 10899
1700586915708 0.0070908102206885815 10999
1700586918099 0.009693577885627747 11099
1700586920408 0.012749810703098774 11199
1700586922767 0.1356583684682846 11299
1700586925105 0.06631732732057571 11399
1700586927409 0.015773039311170578 11499
1700586929724 0.011370156891644001 11599
1700586932017 0.13196340203285217 11699
1700586934509 0.011859810911118984 11799
1700586936813 0.028511647135019302 11899
1700586939258 0.022060981020331383 11999
1700586941581 0.019956884905695915 12099
1700586943903 0.007365918718278408 12199
1700586946210 0.0026273317635059357 12299
1700586948528 0.04470738396048546 12399
1700586950802 0.012996836565434933 12499
1700586953052 0.01762271113693714 12599
1700586955302 0.025630144402384758 12699
1700586957587 0.008360500447452068 12799
1700586959876 0.10473252832889557 12899
1700586962197 0.006465695798397064 12999
1700586964657 0.004120098426938057 13099
1700586966970 0.02506081387400627 13199
1700586969286 0.06045529246330261 13299
1700586971737 0.11231729388237 13399
1700586973988 0.018489520996809006 13499
1700586976270 0.016707666218280792 13599
1700586978637 0.06924891471862793 13699
1700586980967 0.008967207744717598 13799
1700586983210 0.09140517562627792 13899
1700586985509 0.3723215162754059 13999
1700586987795 0.020343203097581863 14099
1700586990057 0.013425495475530624 14199
1700586992457 0.19159293174743652 14299
1700586994760 0.024136580526828766 14399
1700586997188 1.0204757452011108 14499
1700586999505 0.033282823860645294 14599
1700587001971 0.027226518839597702 14699
1700587004302 0.007807261310517788 14799
1700587006606 0.00476426724344492 14899
1700587008978 0.0029045799747109413 14999
1700587011308 0.40387651324272156 15099
1700587013594 0.004496598616242409 15199
1700587015909 0.004086410626769066 15299
1700587018218 0.09767784178256989 15399
1700587020482 0.06894470006227493 15499
1700587022816 0.45383164286613464 15599
1700587025112 0.0436520092189312 15699
1700587027492 0.0066574071533977985 15799
1700587029889 0.005442687310278416 15899
1700587032270 0.04562228173017502 15999
1700587034705 0.015285985544323921 16099
1700587036983 0.07116439938545227 16199
1700587039415 0.05222119763493538 16299
1700587041706 0.03747866675257683 16399
1700587044051 0.016278360038995743 16499
1700587046374 0.024702606722712517 16599
1700587048636 0.006026261951774359 16699
1700587050918 0.03302440047264099 16799
1700587053200 0.05676897615194321 16899
1700587055481 0.012952030636370182 16999
1700587058225 0.6452609896659851 17099
1700587060665 0.004108489491045475 17199
1700587062940 0.3339345157146454 17299
1700587065318 0.01449529081583023 17399
1700587067638 0.01578443869948387 17499
1700587070016 0.018811680376529694 17599
1700587072295 0.019554534927010536 17699
1700587074557 0.009362525306642056 17799
1700587076815 0.018122464418411255 17899
1700587079067 0.006629270501434803 17999
1700587081405 0.01909990794956684 18099
1700587083652 0.026231003925204277 18199
1700587085954 0.034755807369947433 18299
1700587088233 0.0633610337972641 18399
1700587090593 0.014033997431397438 18499
1700587093013 0.024276141077280045 18599
1700587095317 0.18761728703975677 18699
1700587097789 0.014431250281631947 18799
1700587100068 0.028408577665686607 18899
1700587102369 0.006086181849241257 18999
1700587104653 0.006751279812306166 19099
1700587106986 0.20362570881843567 19199
1700587109276 0.08568765968084335 19299
1700587111585 0.00947239063680172 19399
1700587113908 0.029863305389881134 19499
1700587116151 0.008496333844959736 19599
1700587118440 0.16668705642223358 19699
1700587120742 0.11527161300182343 19799
1700587123138 0.017541320994496346 19899
1700587125476 0.01609034091234207 19999
1700587127815 0.005069581791758537 20099
1700587130289 0.005000854842364788 20199
1700587132703 0.0005647320067510009 20299
1700587134957 0.006956377532333136 20399
1700587137191 0.004941738210618496 20499
1700587139475 0.008905571885406971 20599
1700587141749 0.01679520308971405 20699
1700587144053 0.008605413138866425 20799
1700587146313 0.0441412478685379 20899
1700587148658 0.07912898808717728 20999
1700587151041 0.025291655212640762 21099
1700587153314 0.10540812462568283 21199
1700587155747 0.007512399926781654 21299
1700587158012 0.019132042303681374 21399
1700587160414 0.02234087884426117 21499
1700587162929 0.0709339901804924 21599
1700587165296 0.08866184204816818 21699
1700587167592 0.040800221264362335 21799
1700587169864 0.01760300248861313 21899
1700587172217 0.008406641893088818 21999
1700587174591 0.013991573825478554 22099
1700587176913 0.03508314490318298 22199
1700587179160 0.14117291569709778 22299
1700587181512 0.024947836995124817 22399
1700587183800 0.010386758483946323 22499
1700587186183 0.03600199520587921 22599
1700587188527 0.14005720615386963 22699
1700587190860 0.1535000205039978 22799
1700587193365 0.01374031137675047 22899
1700587195682 0.02123822644352913 22999
1700587198045 0.010345324873924255 23099
1700587200373 0.012361709028482437 23199
1700587202718 0.124716617166996 23299
1700587205045 0.020339490845799446 23399
1700587207399 0.007978488691151142 23499
1700587209728 0.01948307640850544 23599
1700587212059 0.008706239052116871 23699
1700587214372 0.0035179604310542345 23799
1700587216650 0.0026870386209338903 23899
1700587219112 0.00714660482481122 23999
1700587221421 0.018598489463329315 24099
1700587223766 0.001487322966568172 24199
1700587226270 0.015956535935401917 24299
1700587228556 0.03003825806081295 24399
1700587230877 0.014593229629099369 24499
1700587233637 0.0018947881180793047 24599
1700587235936 0.10894198715686798 24699
1700587238241 0.03742177411913872 24799
1700587240530 0.018926557153463364 24899
1700587242910 0.022499164566397667 24999
1700587245264 0.0631197914481163 25099
1700587247552 0.033902041614055634 25199
1700587250035 0.0009297672077082098 25299
1700587252422 0.06608505547046661 25399
1700587254723 0.0040072049014270306 25499
1700587257173 0.011126263067126274 25599
1700587259551 0.040880776941776276 25699
1700587261940 0.004236525855958462 25799
1700587264256 0.04476543143391609 25899
1700587266549 0.01120141614228487 25999
1700587268865 0.04970071092247963 26099
1700587271276 0.03459569439291954 26199
1700587273649 0.012845841236412525 26299
1700587275985 0.0026810625568032265 26399
1700587278323 0.013048294000327587 26499
1700587280750 0.0006801403360441327 26599
1700587283208 0.03629278019070625 26699
1700587285626 0.029171574860811234 26799
1700587287971 0.0012411375064402819 26899
1700587290569 0.004078668542206287 26999
1700587292896 0.016160404309630394 27099
1700587295225 0.006694233510643244 27199
1700587297577 0.018673695623874664 27299
1700587299946 0.016412436962127686 27399
1700587302343 0.10418769717216492 27499
1700587304673 0.005192026495933533 27599
1700587307017 0.012964572757482529 27699
1700587309363 0.02903897874057293 27799
1700587311706 0.013827582821249962 27899
1700587314211 0.15847787261009216 27999
1700587316542 0.1388455480337143 28099
1700587318850 0.28821662068367004 28199
1700587321272 0.7098808884620667 28299
1700587323851 0.009575449861586094 28399
1700587326270 0.018593577668070793 28499
1700587328634 0.0035590871702879667 28599
1700587331041 0.06317455321550369 28699
1700587333384 0.010243365541100502 28799
1700587335708 0.05655037984251976 28899
1700587338003 0.008677368052303791 28999
1700587340375 0.01500658504664898 29099
1700587342771 0.10436549782752991 29199
1700587345350 0.013223410584032536 29299
1700587347651 0.006723576691001654 29399
1700587350011 0.06931143999099731 29499
1700587352355 0.005526285152882338 29599
1700587354900 0.011034579947590828 29699
1700587357255 0.004406312480568886 29799
1700587359561 0.08027537167072296 29899
1700587361943 0.01079030241817236 29999
1700587364238 0.10442794114351273 30099
1700587366540 0.023740164935588837 30199
1700587368864 0.013888663612306118 30299
1700587371230 0.029489511623978615 30399
1700587373540 0.015995919704437256 30499
1700587376008 0.004763626493513584 30599
1700587378394 0.04212774336338043 30699
1700587380747 0.0749296322464943 30799
1700587383037 0.023177597671747208 30899
1700587385391 0.1693335622549057 30999
1700587387949 0.04338899254798889 31099
1700587390304 0.017873689532279968 31199
1700587392712 0.014390630647540092 31299
1700587395041 0.022206947207450867 31399
1700587397355 0.14564062654972076 31499
1700587399676 0.09159737825393677 31599
1700587402009 0.001555834198370576 31699
1700587404363 0.016770698130130768 31799
1700587406727 0.01550145260989666 31899
1700587409206 0.007181812077760696 31999
1700587411524 0.04157159477472305 32099
1700587414293 0.00901311170309782 32199
1700587416599 0.4505804181098938 32299
1700587419051 0.01953338086605072 32399
1700587421521 0.03319092467427254 32499
1700587423829 0.35677579045295715 32599
1700587426161 0.19221508502960205 32699
1700587428482 0.011083501391112804 32799
1700587430806 0.016287630423903465 32899
1700587433079 0.012276669964194298 32999
1700587435367 0.036830104887485504 33099
1700587437762 0.013124951161444187 33199
1700587440209 0.01533578522503376 33299
1700587442529 0.0038495322223752737 33399
1700587444863 0.004087545443326235 33499
1700587447127 0.011188528500497341 33599
1700587449490 0.02818775735795498 33699
1700587452008 0.02673053927719593 33799
1700587454428 0.006873404607176781 33899
1700587456705 0.02573237009346485 33999
1700587459053 0.08159669488668442 34099
1700587461392 0.00846736691892147 34199
1700587463704 0.02319904789328575 34299
1700587466077 0.007334455847740173 34399
1700587468400 0.029796136543154716 34499
1700587470817 0.037656065076589584 34599
1700587473205 0.039982475340366364 34699
1700587475470 0.009974961169064045 34799
1700587477764 0.004288560710847378 34899
1700587480058 0.021947698667645454 34999
1700587482408 0.0863620936870575 35099
1700587484924 0.007467960007488728 35199
1700587487282 0.013590402901172638 35299
1700587489609 0.07242997735738754 35399
1700587491974 0.08599797636270523 35499
1700587494293 0.03659380227327347 35599
1700587496601 0.005984178278595209 35699
1700587498920 0.10810866951942444 35799
1700587501248 0.0017772032879292965 35899
1700587503751 0.005917081609368324 35999
1700587506102 0.02386249601840973 36099
1700587508420 0.05028114840388298 36199
1700587510757 0.008877482265233994 36299
1700587513079 0.10258116573095322 36399
1700587515368 0.0237992312759161 36499
1700587517915 0.395743727684021 36599
1700587520293 0.005648803897202015 36699
1700587522681 0.3729539215564728 36799
1700587524978 0.06190140172839165 36899
1700587527328 0.0040827649645507336 36999
1700587529650 0.05398380383849144 37099
1700587531991 0.017602816224098206 37199
1700587534432 0.009835334494709969 37299
1700587536788 0.01981300860643387 37399
1700587539064 1.3198693990707397 37499
1700587541406 0.055544618517160416 37599
1700587543719 0.023297958076000214 37699
1700587546009 0.009523862041532993 37799
1700587548274 0.07091591507196426 37899
1700587550843 0.04876391962170601 37999
1700587553204 0.030324509367346764 38099
1700587555509 0.03076430968940258 38199
1700587557875 0.036017827689647675 38299
1700587560191 0.022292867302894592 38399
1700587562552 0.09552663564682007 38499
1700587564847 0.012168806977570057 38599
1700587567387 0.012465701438486576 38699
1700587569700 0.004081966355443001 38799
1700587572035 0.009297476150095463 38899
1700587574317 0.05110196769237518 38999
1700587576639 0.015237914398312569 39099
1700587578959 0.05823751911520958 39199
1700587581310 0.017847757786512375 39299
1700587583882 0.05206545442342758 39399
1700587586253 0.008402256295084953 39499
1700587588617 0.06284844130277634 39599
1700587591496 0.0036046060267835855 39699
1700587593788 0.032303910702466965 39799
1700587596140 0.005495938006788492 39899
1700587598600 0.017829228192567825 39999
1700587600920 0.002221920760348439 40099
1700587603243 0.09214118123054504 40199
1700587605535 0.009217869490385056 40299
1700587607864 0.0037053320556879044 40399
1700587610145 0.011268415488302708 40499
1700587612472 0.0047093466855585575 40599
1700587614833 0.08887569606304169 40699
1700587617384 0.07129939645528793 40799
1700587619702 0.012223341502249241 40899
1700587622027 0.18287861347198486 40999
1700587624341 0.00946346577256918 41099
1700587626647 0.06629298627376556 41199
1700587628986 0.009101374074816704 41299
1700587631542 0.032558195292949677 41399
1700587633881 0.006465292070060968 41499
1700587636219 0.013996705412864685 41599
1700587638600 0.026292841881513596 41699
1700587641160 0.13381963968276978 41799
1700587643534 0.021157413721084595 41899
1700587645888 0.5793163180351257 41999
1700587648422 0.014584014192223549 42099
1700587651079 0.015775661915540695 42199
1700587653459 0.014305714517831802 42299
1700587655825 0.026875609531998634 42399
1700587658198 0.023194467648863792 42499
1700587660614 0.003106829710304737 42599
1700587663166 0.07615454494953156 42699
1700587665540 0.009948551654815674 42799
1700587667954 0.02851078473031521 42899
1700587670334 0.002955795032903552 42999
1700587672773 0.027462763711810112 43099
1700587675114 0.009621628560125828 43199
1700587677535 0.025829210877418518 43299
1700587679914 0.0038459759671241045 43399
1700587682524 0.004495872650295496 43499
1700587685093 0.23650676012039185 43599
1700587687548 0.08046087622642517 43699
1700587689932 0.07203666120767593 43799
1700587692351 0.004349248483777046 43899
1700587694913 0.0027354455087333918 43999
1700587697274 0.04456586018204689 44099
1700587699670 0.01926450803875923 44199
1700587702072 0.03154226392507553 44299
1700587704417 0.002052309224382043 44399
1700587706792 0.0015248525887727737 44499
1700587709163 0.009512465447187424 44599
1700587711588 0.008679005317389965 44699
1700587714035 0.002924588741734624 44799
1700587716679 0.06256496906280518 44899
1700587719105 0.013118359260261059 44999
1700587721505 0.026666035875678062 45099
1700587723914 0.0056243762373924255 45199
1700587726440 0.01226093526929617 45299
1700587728822 0.010994035750627518 45399
1700587731205 0.013104556128382683 45499
1700587733552 0.03515779599547386 45599
1700587735908 0.015615037642419338 45699
1700587738229 0.03342460095882416 45799
1700587740650 0.014807757921516895 45899
1700587743031 0.013077781535685062 45999
1700587745362 0.02500499039888382 46099
1700587747810 0.012033399194478989 46199
1700587750442 0.01052524708211422 46299
1700587752878 0.006891382858157158 46399
1700587755244 0.015463913790881634 46499
1700587757635 0.02619394287467003 46599
1700587760024 0.014681700617074966 46699
1700587762464 0.009161223657429218 46799
1700587764860 0.018350668251514435 46899
1700587767230 0.009048707783222198 46999
1700587769668 0.020708229392766953 47099
1700587772060 0.0058052390813827515 47199
1700587774998 0.00129783118609339 47299
1700587777359 0.04493232071399689 47399
1700587779687 0.0039667729288339615 47499
1700587782329 0.006025830749422312 47599
1700587784810 0.016693800687789917 47699
1700587787171 0.11332819610834122 47799
1700587789532 0.006707349326461554 47899
1700587791948 0.045185159891843796 47999
1700587794301 0.0315496027469635 48099
1700587796649 0.049287717789411545 48199
1700587799010 0.01486717164516449 48299
1700587801393 0.009962174110114574 48399
1700587803738 0.07533632963895798 48499
1700587806105 0.03269661217927933 48599
1700587808514 0.04227674752473831 48699
1700587810960 0.021675575524568558 48799
1700587813342 0.08230730891227722 48899
1700587815936 0.025347767397761345 48999
1700587818392 0.0015542911132797599 49099
1700587820798 0.019994810223579407 49199
1700587823171 0.04562586173415184 49299
1700587825560 0.11833056062459946 49399
1700587827933 0.019405853003263474 49499
1700587830342 0.07099481672048569 49599
1700587832723 0.00703664543107152 49699
1700587835125 0.020907215774059296 49799
1700587837494 0.03380986675620079 49899
1700587839869 0.01272641122341156 49999
1700587842222 0.014699466526508331 50099
1700587844587 0.007641032338142395 50199
1700587846966 0.014713688753545284 50299
1700587849581 0.01806553639471531 50399
1700587852053 0.027644265443086624 50499
1700587854383 0.03754620626568794 50599
1700587856704 0.006153439171612263 50699
1700587859090 0.005829707253724337 50799
1700587861493 0.031076038256287575 50899
1700587863871 0.022763192653656006 50999
1700587866279 0.009695129469037056 51099
1700587868633 0.013644978404045105 51199
1700587871010 0.005030510947108269 51299
1700587873358 0.024935970082879066 51399
1700587875697 0.1530180424451828 51499
1700587878056 0.008083940483629704 51599
1700587880429 0.028391461819410324 51699
1700587883068 0.08182936161756516 51799
1700587885557 0.009148751385509968 51899
1700587887893 0.0033876956440508366 51999
1700587890323 0.005940999835729599 52099
1700587892725 0.03878921642899513 52199
1700587895131 0.08970826864242554 52299
1700587897554 0.01370823010802269 52399
1700587899950 0.050053805112838745 52499
1700587902343 0.0012502792524173856 52599
1700587904745 0.0912332609295845 52699
1700587907101 0.004584019538015127 52799
1700587909506 0.006528160534799099 52899
1700587911921 0.015347936190664768 52999
1700587914319 0.0021007864270359278 53099
1700587916951 0.0066228751093149185 53199
1700587919390 0.018730677664279938 53299
1700587921797 0.003387540578842163 53399
1700587924152 0.03647993877530098 53499
1700587926581 0.01232441421598196 53599
1700587928985 0.06347137689590454 53699
1700587931425 0.08793815970420837 53799
1700587933777 0.0034376191906630993 53899
1700587936137 0.0149809205904603 53999
1700587938514 0.005478151608258486 54099
1700587940965 0.23828451335430145 54199
1700587943329 0.029374752193689346 54299
1700587945673 0.029862288385629654 54399
1700587948042 0.009699051268398762 54499
1700587950739 0.05312558263540268 54599
1700587953215 0.17994897067546844 54699
1700587956074 0.003080338006839156 54799
1700587958457 0.09624752402305603 54899
1700587960877 0.014948006719350815 54999
1700587963272 0.11174816638231277 55099
1700587965664 0.023407554253935814 55199
1700587968034 0.014660575427114964 55299
1700587970468 0.00047164392890408635 55399
1700587972907 0.002326659858226776 55499
1700587975282 0.009944324381649494 55599
1700587977699 0.000731837295461446 55699
1700587980102 0.009894520975649357 55799
1700587982676 0.01655610464513302 55899
1700587985348 0.04753267765045166 55999
1700587987734 0.006076868623495102 56099
1700587990128 0.010437357239425182 56199
1700587992589 0.002073838608339429 56299
1700587994948 0.00864813756197691 56399
1700587997342 0.012150412425398827 56499
1700587999730 0.01635824888944626 56599
1700588002117 0.008757749572396278 56699
1700588004490 0.061397019773721695 56799
1700588006846 0.01314575131982565 56899
1700588009242 0.007162511348724365 56999
1700588011653 0.010720117017626762 57099
1700588014052 0.00998496264219284 57199
1700588016615 0.010298226960003376 57299
1700588019326 0.0014062324771657586 57399
1700588021769 0.00044955461635254323 57499
1700588024195 0.06312830746173859 57599
1700588026701 0.01493765227496624 57699
1700588029088 0.02591942995786667 57799
1700588031539 0.0070588476955890656 57899
1700588033966 0.004826470743864775 57999
1700588036371 0.006088322959840298 58099
1700588038735 0.004671385046094656 58199
1700588041142 0.007142051123082638 58299
1700588043520 0.060586776584386826 58399
1700588045916 0.09232271462678909 58499
1700588048394 0.010002018883824348 58599
1700588051036 0.051019977778196335 58699
1700588053703 0.003690896090120077 58799
1700588056094 0.0019817764405161142 58899
1700588058612 0.020475422963500023 58999
1700588061034 0.0513654462993145 59099
1700588063421 0.00856733787804842 59199
1700588065818 0.005871414672583342 59299
1700588068204 0.09625805169343948 59399
1700588070642 0.008437423035502434 59499
1700588073058 0.0022578220814466476 59599
1700588075511 0.005781658925116062 59699
1700588077963 0.3412095010280609 59799
1700588080354 0.017754128202795982 59899
1700588082812 0.020244739949703217 59999
1700588085438 0.015933413058519363 60099
1700588088087 0.027798905968666077 60199
1700588090670 0.007822610437870026 60299
1700588093060 0.05519638583064079 60399
1700588095456 0.00981038250029087 60499
1700588097833 0.006512620951980352 60599
1700588100215 0.0100506991147995 60699
1700588102648 0.0033403511624783278 60799
1700588105048 0.05341590568423271 60899
1700588107440 0.014040987938642502 60999
1700588109867 0.004303515423089266 61099
1700588112322 0.007903694175183773 61199
1700588114689 0.050569213926792145 61299
1700588117095 0.07122057676315308 61399
1700588119697 0.000549452262930572 61499
1700588122544 0.01858002506196499 61599
1700588124923 0.008129245601594448 61699
1700588127292 0.00417336355894804 61799
1700588129653 0.016535339877009392 61899
1700588132152 0.015803689137101173 61999
1700588134609 0.009944715537130833 62099
1700588137014 0.004744553007185459 62199
